职位,城市,公司,学历,经验,技能,薪资,工作描述,行业,职位URL,公司规模,发布时间
Ai大模型工程师,北京,书生电子,硕士,3-5年,"大模型算法,GPT,PyTorch,搜索/推荐算法,Python",12-20万,岗位职责： 前沿算法研究与技术创新：负责人工智能领域前沿算法研究和创新，重点聚焦LLM、生成式AI、时序类大模型等，探索人类反馈强化学习、MoE、多模态、long-context等方向。 模型微调与优化：负责对大语言模型（LLM）进行领域适配微调（如LoRA、P-Tuning等），提升模型在特定任务（如对话、文本生成等）上的性能。 数据处理与构建：清洗、标注和构建高质量的微调数据集，设计数据增强策...,计算机软件,http://jobs.zhaopin.com/CC244040410J40814235808.htm,100-299人,2025-07-22 16:42:25
算法工程师,北京,北京莱维塞尔科技有限公司,硕士,经验不限,"推荐算法,定位算法,机器人算法,算法研究,运动控制算法",10-15万,岗位职责：● 新能源领域算法模型研究，优化现有算法，提高模型性能● 机器学习、运筹学领域的研发工作● 时间序列数据的分析和预测相关工作● 利用机器学习算法进行数据分析和模型训练● 与业务、产品团队密切合作，支撑支持数据业务岗位基本需求：● 硕士及以上学历应届生，数学、统计学、控制学相关专业优先，其他理工科专业成绩优异者● 熟练掌握机器学习、运筹学领域的典型算法，包括但不限于数据降维、特征提取、分类...,电力/水利/热力/燃气,http://jobs.zhaopin.com/CC189974710J40491639306.htm,100-299人,2025-11-16 00:01:22
销售合伙人,北京,北京博阳大数科技有限公司,本科,1-3年,"人工智能,软件行业,IT服务,建筑业,新能源,物流仓储,信托业务,房地产",10-15万,寻找档案管理软件合伙人，成立自己的团队，寻找商机，负责完成签约实施交付全过程，分成模式，博阳大数有一整套知识体系的培训和售前售中售后的业务支撑体系，如果你拥有管理软件行业领域人脉、伙伴、经验、技术或资源，欢迎你的加入。岗位职责：1、负责公司档案软件产品的销售，建立区域业务团队。2、承担公司在规定所辖区域市场的全面拓展，组织实施营销推广计划，完成区域的销售目标和利润目标。3、带领团队负责项目商务谈判...,计算机软件,http://jobs.zhaopin.com/CC145931530J40097956911.htm,100-299人,2025-06-15 00:00:02
AI人工智能企业公安口渠道合作伙伴招募公告,北京,北京世鼎科技发展有限公司,学历不限,经验不限,"政府客户,企业客户,KA大客户,渠道销售,区域销售,代理商销售",5-10万,为深入贯彻落实公安智能化建设发展要求，充分发挥人工智能技术在公安工作中的支撑作用，我公司作为AI智能体领域专业企业，现面向全国公开招募公安口渠道合作伙伴（含企业及个人）。依托公司在公安监所（看守所、拘留所等）领域的成熟项目经验与技术优势，构建稳定高效的合作体系，共同推动公安智能化应用落地，服务公安工作高质量发展。一、公司及产品优势公司专注AI人工智能领域研发与应用多年，始终以技术创新为核心，在AI,计算机软件,http://jobs.zhaopin.com/CC571018730J40822217810.htm,20-99人,2026-01-09 14:11:29
高级算法研究员,北京,锐仕方达人才科技集团有限公司,硕士,1-3年,"深度学习,多模态算法,大模型算法,Transformer,自然语言处理,知识图谱,TensorFlow,PyTorch,C++,Python",5-10万,招聘岗位：高级算法研究员汇报对象： 技术合伙人 / CTO工作地点： 北京市朝阳区航空科技大厦13层岗位职责：1、基于多源异构金融数据（交易数据、新闻舆情、财务报表等），完成从数据预处理到模型设计、训练、评估与部署的全流程；2、与团队协同，构建具备实用价值的金融决策模型，并持续优化与迭代；3、跟踪AI及量化投资领域最新研究成果，推动前沿算法在实际业务中的应用落地。任职要求：1、深厚的深度学习建模能...,人力资源服务,http://jobs.zhaopin.com/CCL1236606730J40820719914.htm,1000-9999人,2025-11-12 10:53:29
图像算法主管,北京,辉煌科技,本科,5-10年,"OpenCV,PyTorch",5-10万·13薪,技能要求：1、具备扎实的图像处理和算法基础，掌握学习算法，熟练使用opencv、pytorch工具；2、掌握分类、检测、分类、跟踪等深度学习算法，并熟练应用；对transformer、DINO有一定理解，具有网络修改及优化能力；3、模型量化、剪枝、蒸馏方法掌握熟练，对半监督/自监督训练有应用经验；4、熟悉大模型技术，对图像大模型、多模态大模型技术有应用且熟练；熟悉AIGC技术及相关模型和工具的使用...,通信/网络设备,http://jobs.zhaopin.com/CC138093480J40828589213.htm,500-999人,2025-09-25 11:34:57
高级人工智能专家（海油正式编制）(J10080),北京,天津北海油人力资源咨询服务有限公司,本科,10年以上,"Python,C++,Java",8-10万,岗位职责:1.具备数据处理和特征工程经验，能够处理和清洗数据，进行特征选择、转换和提取，处理缺失值和异常值；2.具备模型训练和优化经验，了解模型训练的基本流程，包括数据集划分、超参数选择、模型调优等，掌握模型优化技术如正则化、批标准化、学习率调整等；3.熟悉大规模计算和并行处理技术，能够在分布式环境中进行高效的模型训练；4.熟悉模型评估指标和技术，能够进行模型性能评估和调优，如交叉验证、网格搜索、...,人力资源服务,http://jobs.zhaopin.com/CC644737230J40789430801.htm,1000-9999人,2025-09-18 15:52:11
高级AI大模型工程师,北京,书生电子,硕士,5-10年,"大模型算法,GPT,PyTorch,Python,探索/推荐算法",5-10万,岗位职责： 前沿算法研究与技术创新：负责人工智能领域前沿算法研究和创新，重点聚焦LLM、生成式AI、时序类大模型等，探索人类反馈强化学习、MoE、多模态、long-context等方向。 模型微调与优化：负责对大语言模型（LLM）进行领域适配微调（如LoRA、P-Tuning等），提升模型在特定任务（如对话、文本生成等）上的性能。 数据处理与构建：清洗、标注和构建高质量的微调数据集，设计数据增强策...,计算机软件,http://jobs.zhaopin.com/CC244040410J40826355008.htm,100-299人,2025-08-14 17:56:54
AI大模型训练专家(A142920),北京,捷安高科,硕士,10年以上,"框架,微调,训练",8-10万,职位描述： 1. 战略规划与技术攻坚 - 负责垂类大模型技术战略制定，包括模型训练调优、平台架构设计、应用场景创新（如AI Agent、智能外呼）。 - 主导核心技术突破，如异构计算优化、多模态模型融合、推理性能提升等。 2. 团队管理与项目落地 - 搭建并管理AI技术团队，统筹大模型训练、平台开发、应用落地的全流程项目交付。 - 深入业务场景（如云计算服务、数据分析工具），设计端到端解决方案并打...,计算机软件,http://jobs.zhaopin.com/CC219039210J40816915715.htm,500-999人,2025-03-05 13:15:53
大模型技术领军人（团队负责人）,北京,中译语通,博士,3-5年,"机器学习,大模型算法",6.5-9万,工作职责：1.主导大模型（LLM、CV、多模态、时序等主流大模型）智能体或RAG等关键技术的训练框架设计、分布式训练优化及推理加速技术研发。2.负责模型压缩（量化、剪枝）、低资源推理（边缘计算/端侧部署）及性能调优，提升模型效率与成本收益。3.搭建高可用训练基础设施（如GPU集群管理、分布式训练框架开发），解决超大规模数据并行与模型并行的技术难题。4.作为核心骨干配合国家省部级项目申报、建设和交付...,互联网,http://jobs.zhaopin.com/CC457216910J40779612116.htm,500-999人,2025-12-09 10:01:24
大模型技术专家,北京,歌尔股份,硕士,5-10年,大模型算法,6-9万,工作职责1. 负责制定大语言模型方向的技术战略与演进路线，持续带领团队在算法创新、系统部署、智能体架构等关键方向取得突破； 2. 全面统筹垂域大语言模型的研发、评估与部署生命周期，推动算法与系统能力的标准化、模块化和可复用建设； 3. 牵头在研发、制造、品质、供应链、财经、人力及办公智能等核心领域构建智能体系统，重构关键业务流程，推动大语言模型的深度融合与落地应用； 4. 主导复杂业务问题的抽象建...,电子/半导体/集成电路,http://jobs.zhaopin.com/CC132726540J40734229506.htm,10000人以上,2025-11-17 18:14:25
模型训练专家,北京,厦门贤士达信息咨询有限公司,本科,5-10年,"深度学习,预训练,工程化落地",5-9万·14薪,"一、岗位需求：1、能独立闭环专项算法研发的实战专家，强调工程化能力(代码/实验/部署全流程经验)；2、负责大语言模型关键技术攻关。二、能力画像/专业要求：1、深度参与过千亿/百亿参数级大模型全生命周期开发(数据-训练-微调-部署)，具有一线实操经验；2、熟悉预训练中的关键技术陷阱(如梯度爆炸、显存溢出、过拟合)，掌握预训练调参黄金法则，掌握分布式训练优化策略(如ZeRO、Offload、PP, T...",人力资源服务,http://jobs.zhaopin.com/CC416345810J40787359609.htm,20-99人,2025-09-20 14:09:29
检测算法工程师,北京,北京壹据技术有限公司,本科,3-5年,"Python,深度学习,TensorFlow",4.5-9万,"岗位职责: 利用机器学习、深度学习和人工智能的方法研究各年代窑口的历史元素含量规律;探索适合检测领域的模型和算法;任职要求:教育背景: 本科及以上学历, 有 计算机、数学、人工智能等相关专业优先;精通机器学习(深度学习)并有应用模型解决实际问题的经验;精通 C / C++ / Python 任意一种.具有扎实的数学建模及编程能力, 能熟练通过Python、R等语言建立机器学习模型. 掌握至少一种深...",检测/认证,http://jobs.zhaopin.com/CCL1357408770J40178807516.htm,20-99人,2024-11-18 00:00:01
ai算法工程师,北京,中国电信股份有限公司北京分公司,硕士,5-10年,"深度学习,多模态算法,大模型算法,TensorFlow,PyTorch,自然语言处理,机器视觉",面议,岗位职责 1. 支撑北京电信大模型及AI项目的具体落地，参与技术评估、架构设计、算法调优，推理部署工作，实现大语言模型、多模态大模型在行业场景中落地 2. 参与生成式大模型能力和工具集构建，不限于预训练、微调、量化推理、prompt调优、检索增强、智能体、数据集能力建设、模型评估等多个方面 3. 长期追踪AI的前沿技术发展，结合行业场景，提供全面的技术解决方案，参与前沿算法和应用的研究 任职资格 ...,运营商/增值服务,http://jobs.zhaopin.com/CC120036580J40834773504.htm,1000-9999人,2025-01-17 12:20:20
多模态算法开发工程师-大模型,北京,京东集团,本科,3-5年,"多模态算法,大模型算法",5-8万·18薪,岗位职责及目标1.结合实际场景，提供全面的技术解决方案，包括不限于数据迭代、模型训练、模型评估；2.负责大语言模型的技术研究，包括预训练、指令微调、RLHF等手段，提升大模型在指令遵循、医学推理能力、长文本、角色扮演等核心任务上的能力。涉及技术包括但不限于自动数据配比、提升指令数据质量、数据合成、奖励建模、DPO、自进化等技术；3.基于强化学习技术增强大模型在医疗领域的多模态推理能力，尤其是多模态...,互联网,http://jobs.zhaopin.com/CC192921310J40813701209.htm,10000人以上,2026-01-11 00:12:41
大模型算法工程师-AI Agent(北京),北京,字节跳动,本科,5-10年,,4-8万,岗位职责：1、负责模型的全流程工作，包括但不限于数据、训练、评测、推理部署，保证数据的高质量和有效性； 2、LLM算法应用研究与算法落地工作，包括但不限于语言LLM、多模态LLM，Prompt工程/RAG/Agents/SFT/RLHF等LLM相关前沿技术； 3、持续探索在各种用户场景下，利用AI能力增强业务迭代效果； 4、深度参与产品研发项目，和产品经理/业务研发/质量/等同学密切配合，提高项目...,互联网,http://jobs.zhaopin.com/CC469217510J40676068701.htm,10000人以上,2026-01-09 18:20:33
理工科博士研究员（需博士学历）,北京,中财信忠(北京)科技有限公司,博士,3-5年,"太阳能,其他能源,风能,研究员,副研究员,研究实习员,人工智能,石油化工,智能制造",4-8万,一、岗位要求：1.学历：博士学历、理工科专业（已毕业，有毕业证书）2.近3年的海外工作经验：（26年1月之后回国或至今仍在国外）博士毕业后连续3年以上海外工作经验，企业或者高校工作经验或者连续2年博士后工作经验。 二、工作地点：可根据您的期望地点进行调整 三、专业要求：（9大类方向都可以，任选） 专业方向：人工智能、通讯技术、新能源与储能、材料方向、机械与结构、石油矿产、工业控制与自动化（系统整合...,科学技术推广,http://jobs.zhaopin.com/CC424188630J40855230112.htm,1000-9999人,2026-01-07 17:00:30
多模态算法开发工程师,北京,京东集团,本科,1-3年,多模态算法,5-8万·18薪,岗位职责及目标1.结合实际场景，提供全面的技术解决方案，包括不限于数据迭代、模型训练、模型评估；2.负责大语言模型的技术研究，包括预训练、指令微调、RLHF等手段，提升大模型在指令遵循、医学推理能力、长文本、角色扮演等核心任务上的能力。涉及技术包括但不限于自动数据配比、提升指令数据质量、数据合成、奖励建模、DPO、自进化等技术；3.基于强化学习技术增强大模型在医疗领域的多模态推理能力，尤其是多模态...,互联网,http://jobs.zhaopin.com/CC192921310J40813859809.htm,10000人以上,2026-01-11 00:08:01
LLM算法专家 (上海),北京,字节跳动,本科,5-10年,,4-8万,岗位职责：1、负责模型的全流程工作，包括但不限于数据、训练、评测、推理部署，保证数据的高质量和有效性； 2、LLM算法应用研究与算法落地工作，包括但不限于语言LLM、多模态LLM，Prompt工程/RAG/Agents/SFT/RLHF等LLM相关前沿技术； 3、持续探索在各种用户场景下，利用AI能力增强业务迭代效果； 4、深度参与产品研发项目，和产品经理/业务研发/质量/等同学密切配合，提高项目...,互联网,http://jobs.zhaopin.com/CC469217510J40676074401.htm,10000人以上,2026-01-09 18:20:28
电磁域作战算法工程师,北京,某央企研究院,博士,1-3年,,4-8万,岗位职责：面向未来电磁域作战的新域作战，对电磁频谱战、电磁协同、电磁战斗管理等作战概念研究及产品研发，包括电磁频谱战，电磁战概念和发展研究，算法开发和软硬产品设计。1、电磁频谱战、电磁战等新式概念及理论研究。2、电磁频谱作战电磁资源协同算法开发。3、电磁频谱资源管控与协同软件/硬件产品研发。,互联网,http://jobs.zhaopin.com/CCL1318355140J40775125703.htm,500-999人,2025-12-23 01:04:37
产品开发部模型算法岗（定制方向）,北京,朴道征信有限公司,本科,5-10年,"深度学习,机器学习,大模型算法",6-8万·15薪,岗位职责根据客户定制产品需求，在客户现场作为项目负责人统筹调度算法团队开展工作，完成产品的开发及交付，具体工作内容如下：1.负责风控模型的开发、训练与优化工作，提升模型性能，基于内外部数据，深入挖掘数据价值，提炼有效特征，为模型构建提供可靠支持；2.对风控模型进行日常监控与评估，及时发现潜在问题并提出优化建议，保障模型稳定运行；3.撰写风控模型相关报告，清晰呈现模型结果与分析结论，为业务决策提供数...,云计算/大数据,http://jobs.zhaopin.com/CCL1308502310J40694082206.htm,100-299人,2025-11-18 17:19:37
高级算法工程师,北京,北京位与资产管理有限公司,硕士,3-5年,"图像算法,智能驾驶,导航算法,搜索/推荐算法,Python",6-8万,工作职责 1.拼车订单分配与匹配算法研发： 负责核心的实时拼车订单匹配算法，根据乘客的实时位置、目的地、路线和时间，为多个乘客寻找最优的共乘车辆和路径方案。 建模并求解大规模、高并发的在线司乘匹配问题，平衡用户体验、司机收入和平台效率等多重目标。 设计和优化拼车全局路径规划算法，计算最优的接送、送达序列，以最小化总行驶距离和时间。 2.优化与建模： 将复杂的业务场景抽象为数学模型，如车辆路径问题、...,法律服务,http://jobs.zhaopin.com/CCL1419466950J40819544010.htm,100-299人,2025-11-13 08:32:15
算法专家（多模态/NLP/CV）,北京,北京雪扬科技有限公司,硕士,5-10年,"多模态算法,大模型算法,知识图谱,自然语言处理,机器视觉",5-8万,岗位职责： 1.负责大规模预训练模型的研发工作，包括架构设计、训练优化、分布式加速等核心技术攻关 ；2.主导大模型在具体业务场景（NLP/CV/多模态/生理信号等）的应用落地，设计创新解决方案 ；3.构建模型微调、提示工程、模型压缩等工业化应用技术体系； 4.与产品、数据、工程团队紧密协作，推动算法到产品的全流程落地 ；5.跟踪学术界与工业界前沿技术动态，探索大模型领域创新方向 。任职要求： 【硬...,IT服务,http://jobs.zhaopin.com/CC344700880J40817452012.htm,100-299人,2025-08-20 10:59:34
AI技术专家(J10068),北京,北京神舟航天软件技术股份有限公司,博士,经验不限,深度学习,6.5-8万,岗位职责:1、根据公司AI场景需求，研究AI赋能技术路线，开展技术方案规划与设计，推动公司AI技术与业务场景深度融合；2、组织开展公司AI能力平台、智能体、工具与接口等产品研发，包括但不限于需求分析、总体方案规划、核心算法设计，以及开发实现等工作；3、根据业务场景数据，研究AI-Ready数据治理技术方案任职要求:1.具备扎实的概率与统计、线性代数等数学基础，逻辑推理思维严密；2.掌握深度学习技术...,计算机软件,http://jobs.zhaopin.com/CC000432740J40714483216.htm,1000-9999人,2025-05-21 14:16:40
软件开发工程师（机器视觉）-北京(J10241),北京,中科芯集成电路有限公司,硕士,5-10年,"图像识别产品,C#,C++",4-8万·14薪,"岗位职责: 1.负责视觉SDK软件代码开发，完成图像处理相关的框架代码开发 2.负责AI前后处理SDK软件代码开发，实现标准的前后处理软件框架 3.算法设计与实现：深入研究图像处理、计算机视觉等领域的算法，如图像分类、目标检测、图像分割、特征提取等，根据项目需求设计并实现高效的视觉算法 4.熟悉NPU、ISP、VPU软件驱动工作原理和视频流软件处理流程。 任职要求: 1.硕士5年及以上工作经验,有...",电子/半导体/集成电路,http://jobs.zhaopin.com/CC259897210J40699184809.htm,1000-9999人,2025-05-09 10:07:15
算法工程师,北京,北京沃东天骏信息技术有限公司,硕士,5-10年,"深度学习,机器学习,多模态算法,Transformer,Attention,自然语言处理,知识图谱,搜索/推荐算法,PyTorch,TensorFlow,Python,Java",4-8万·19薪,岗位内容：1. 在电商交易场景下通过智能化技术提高用户转化效率，提高增量单量。2.分析和解决现有业务中的技术难题，提供全面的解决方案和支持。3. 设计和开发智能化的软件系统和工具，提高公司的信息化水平和竞争力。4. 参与团队项目开发，保证代码质量和项目进度。任职要求：1. 具备扎实的计算机科学基础和算法设计能力。2. 精通至少一种编程语言（如Python、Java等），并熟悉软件开发流程和工具。3...,电子商务,http://jobs.zhaopin.com/CC699180530J40764865412.htm,10000人以上,2025-04-19 16:22:53
多模态行业基模型训练,北京,浪潮集团,硕士,3-5年,"机器视觉,自然语言处理,人工神经网络,Transformer",5-8万·14薪,一、岗位职责： 1、负责多模态大模型的研发与优化工作，包括但不限于跨模态信息对齐方法探索、预训练、指令微调、RLHF等技术的研究与应用； 2、负责大规模多模态数据的获取、清洗及质量控制，保障数据质量和有效性； 3、跟进业界前沿，参与多模态大模型的设计、预训练、微调、评测全流程优化工作，构建业界的多模态大模型； 4、解决项目过程中的难题，推动多模态大模型商业化落地，提升系统效果和用户满意度。 二、任...,IT服务,http://jobs.zhaopin.com/CC120143600J40802452715.htm,10000人以上,2025-03-28 10:22:27
资深AI算法工程师,北京,中国电信股份有限公司北京分公司,硕士,5-10年,"深度学习,多模态算法,大模型算法,PyTorch,TensorFlow,自然语言处理",面议,岗位职责：1. 支撑北京电信大模型及AI项目的具体落地，参与技术评估、架构设计、算法调优，推理部署工作，实现大语言模型、多模态大模型在行业场景中落地2. 参与生成式大模型能力和工具集构建，不限于预训练、微调、量化推理、prompt调优、检索增强、智能体、数据集能力建设、模型评估等多个方面3. 长期追踪AI的前沿技术发展，结合行业场景，提供全面的技术解决方案，参与前沿算法和应用的研究任职资格：1. ...,运营商/增值服务,http://jobs.zhaopin.com/CC120036580J40868580604.htm,1000-9999人,2025-02-06 09:27:51
算法工程师-agent,北京,京东集团,本科,3-5年,"大模型算法,深度学习,多模态算法",4.5-7.5万·18薪,岗位职责：1.负责互联网医疗AI产品需求的开发交付，包括AI助手、AI工具等产品；2.负责大模型应用平台的架构设计和研发落地，包括但不限于知识库、Agent、模型评测等能力建设；3.探索大模型在文档理解、多轮对话、知识推理等任务中的应用，推动模型在医疗场景中创新落地。职位要求：1.精通 Java、Python、Go、C++ 其中至少一种开发语言，具备扎实的编程基础与技术体系；2.3年以上大型互联网...,互联网,http://jobs.zhaopin.com/CC192921310J40817843109.htm,10000人以上,2026-01-11 00:08:00
LLM基模型训练专家,北京,浪潮集团,硕士,1-3年,"DNN,CNN,RNN,LSTM",5-8万·14薪,岗位职责：1.负责算法设计，参数调优，预训练模型构建等相关工作，负责单轮，多轮对话模型的构建工作；2. 负责大规模文本数据处理，包括文本预处理、过滤、语义分析、标签构建等相关工作，少部分工作会用到实体识别，关键词抽取等处理；3. 负责NLP技术结合业务场景落地，针对不同场景，设计对新模型的实验方法，并评估其结果，提出实验过程中的效果评估指标；4. 总结提炼数据与业务的关系，能够及时发现业务数据波动...,IT服务,http://jobs.zhaopin.com/CC120143600J40802453315.htm,10000人以上,2025-03-28 10:21:45
无人车业务部-自动驾驶决策规划算法工程师,北京,北京三快在线科技有限公司,本科,3-5年,,面议,美团自动配送以自研L4级自动驾驶软硬件技术为核心，与美团即时零售业务结合，形成满足公开道路、校园、社区、工业园区等室外全场景下的自动配送整体解决方案。美团无人车团队成立于2016年，团队成员来自于Waymo、Cruise、Pony.ai、泛亚等自动驾驶行业头部公司，自动驾驶技术团队博士占比高达30%，依靠视觉、激光等传感器，实时感知预测周围环境，通过高精地图定位和智能决策规划，保证自动配送车全场景...,互联网,http://jobs.zhaopin.com/CC383625320J40778606409.htm,10000人以上,2026-01-11 10:00:35
机器学习算法工程师（机器人方向）-T4891L,北京,京东集团,学历不限,经验不限,"图像处理,深度学习,数据增强,信号滤波,声音处理",3.5-7万·20薪,工作内容：1、负责各类传感器的数据增强、信号滤波、数据融合算法的设计和实现。2、基于无线信号/声音/图像等各类传感器，实现中远距离对人员和环境的感知，包括人员生命体征、位姿状态、异常识别等。任职资格：1、硕士及以上学历，电子/通信工程、信号/图像处理、自动化、计算机、数学及相关专业。2、数字信号/信息处理理论基础扎实并能够灵活运用，熟悉常用机器学习算法，在深度学习及相关领域有一定基础。3、精通下述...,互联网,http://jobs.zhaopin.com/CC192921310J40695341609.htm,10000人以上,2026-01-11 00:35:22
搜索算法专家,北京,淮安市纳杰云服技术服务有限责任公司,本科,5-10年,,4-7万·15薪,"工作职责1、优化搜索链路（搜索引导、Query 处理、ES DSL 优化、特征工程、个性化排序等），提升相关性、首点位置、CTR、渗透率等核心指标； 2、与标注运营、外包团队协作，建立高效可靠的数据标注流，保障算法训练数据质量； 3、与策略产品团队协作，优化策略效能与前台展现体验；与工程团队协作，打造高效率工程工具，提升上线速度与整体体验； 4、调研、评估、引入新工具与算法，提升算法迭代效率。""任...",互联网,http://jobs.zhaopin.com/CCL1479851850J40814466211.htm,100-299人,2026-01-09 01:31:01
无人车业务部-自动驾驶场景重建算法工程师,北京,北京三快在线科技有限公司,本科,1-3年,,面议,美团自动配送以自研L4级自动驾驶软硬件技术为核心，与美团即时零售业务结合，形成满足公开道路、校园、社区、工业园区等室外全场景下的自动配送整体解决方案。美团无人车团队成立于2016年，团队成员来自于Waymo、Cruise、Pony.ai、泛亚等自动驾驶行业头部公司，自动驾驶技术团队博士占比高达30%，依靠视觉、激光等传感器，实时感知预测周围环境，通过高精地图定位和智能决策规划，保证自动配送车全场景...,互联网,http://jobs.zhaopin.com/CC383625320J40816286109.htm,10000人以上,2026-01-11 08:46:51
AI算法产品经理（机器人方向）-X2063B,北京,京东集团,学历不限,经验不限,"人工智能,图像识别,语音识别,数据分析",4-7万·20薪,工作内容：我们正在寻找一位充满激情的AI技术产品经理，加入我们的团队，共同推动智能机器人产品的技术进步和产品创新。您将负责提升产品的感知能力、思考能力和行为能力，确保我们的机器人产品在市场中保持领先地位。1.感知能力提升：- 与视觉算法、语音算法团队紧密合作，探索图像识别、语音识别等技术在产品中的应用。- 收集和分析相关技术资料，为产品感知能力的提升提供数据支持和方案建议。2.思考能力强化设计：-...,互联网,http://jobs.zhaopin.com/CC192921310J40699894809.htm,10000人以上,2026-01-11 00:34:20
资深搜索算法工程师,北京,山东华悦商贸有限公司,本科,3-5年,搜索,4-7万·15薪,职位描述1、优化搜索链路（搜索引导、Query 处理、ES DSL 优化、特征工程、个性化排序等），提升相关性、首点位置、CTR、渗透率等核心指标；2、与标注运营、外包团队协作，建立高效可靠的数据标注流，保障算法训练数据质量；3、与策略产品团队协作，优化策略效能与前台展现体验；与工程团队协作，打造高效率工程工具，提升上线速度与整体体验；4、调研、评估、引入新工具与算法，提升算法迭代效率。职位要求1...,快速消费品,http://jobs.zhaopin.com/CC889109350J40834627605.htm,500-999人,2026-01-05 01:13:25
无人车业务部-高精地图算法工程师,北京,北京三快在线科技有限公司,硕士,1-3年,,面议,美团自动配送以自研L4级自动驾驶软硬件技术为核心，与美团即时零售业务结合，形成满足公开道路、校园、社区、工业园区等室外全场景下的自动配送整体解决方案。美团无人车团队成立于2016年，团队成员来自于Waymo、Cruise、Pony.ai、泛亚等自动驾驶行业头部公司，自动驾驶技术团队博士占比高达30%，依靠视觉、激光等传感器，实时感知预测周围环境，通过高精地图定位和智能决策规划，保证自动配送车全场景...,互联网,http://jobs.zhaopin.com/CC383625320J40796873809.htm,10000人以上,2026-01-11 08:37:36
算法工程（java技术栈）,北京,京东集团,本科,3-5年,Java,4-7万·18薪,1.负责负责京东健康算法部门的架构基建工作，包括搜推、大模型应用、CV多模态技术应用等，对算法部门多技术方向做综合的工程架构支持；2.不断优化平台性能和稳定性，快速支持大模型应用产品的迭代开发；3.能够自驱找到阻碍工程链路的卡点问题，不断迭代优化。职位要求：1、3年以上后端开发经验，至少精通一门后端开发语言；2、深入理解算法infra对算法效果的提升，理解在算法pipeline中，协同存储、计算、...,互联网,http://jobs.zhaopin.com/CC192921310J40813858609.htm,10000人以上,2026-01-11 00:07:40
资深搜索算法工程师,北京,淮安市纳杰云服技术服务有限责任公司,本科,5-10年,,4-7万·15薪,职位描述1、优化搜索链路(搜索引导、Query处理、ESDSL 优化、特征工程、个性化排序等)提升相关性、首点位置、CTR、渗透率等核心指标;2、与标注运营、外包团队协作，建立高效可靠的数据标注流，保障算法训练数据质量;3、与策略产品团队协作，优化策略效能与前台展现体验;与工程团队协作，打造高效率工程工具，提升上线速度与整体体验;4、调研、评估、引入新工具与算法，提升算法迭代效率。任职要求1、具有...,互联网,http://jobs.zhaopin.com/CCL1479851850J40815015411.htm,100-299人,2025-12-23 01:34:10
大模型与智能体算法工程师,北京,北京三快在线科技有限公司,硕士,1-3年,,面议,基础研发平台是美团的核心技术平台，立足于“零售+科技”的战略定位，通过打造人工智能、大数据、云计算、安全等核心技术能力，以及研发效能平台、企业应用平台等公共服务，为业务提供稳定安全、扩展易用、技术领先的平台技术和产品服务。在这里，我们会参与到最前沿的技术研发和探索；能够接触超规模集群、海量数据，挑战高复杂业务场景，有机会与业界一流的工程师一起并肩前行。在这里，我们有超强的技术氛围，持续向社区贡献业...,互联网,http://jobs.zhaopin.com/CC383625320J40773950709.htm,10000人以上,2026-01-11 08:23:13
AI智能体应用专家(J13181),北京,联通数字科技有限公司,本科,5-10年,人工智能,面议,岗位职责:1、主导基于LLM（如GPT-4、通义千问）的智能体架构开发，设计任务规划引擎、意图识别模块及多Agent协同网络（如AutoGen、MetaGPT框架）。2、评估大模型性能，针对业务场景（如供应链、营销决策）进行微调与部署，结合RLHF、SFT等技术优化模型效果。3、主导多Agent并行服务架构设计，实现复杂任务拆解、资源调度与动态协同。4、主导数据采集、知识库构建、智能体调度平台开发...,通信/网络设备,http://jobs.zhaopin.com/CCL1309984010J40728806116.htm,1000-9999人,2025-07-03 14:38:51
资深搜索算法工程师,北京,淮安市纳杰云服技术服务有限责任公司,本科,5-10年,,4-7万·15薪,"工作职责1、优化搜索链路（搜索引导、Query 处理、ES DSL 优化、特征工程、个性化排序等），提升相关性、首点位置、CTR、渗透率等核心指标； 2、与标注运营、外包团队协作，建立高效可靠的数据标注流，保障算法训练数据质量； 3、与策略产品团队协作，优化策略效能与前台展现体验；与工程团队协作，打造高效率工程工具，提升上线速度与整体体验； 4、调研、评估、引入新工具与算法，提升算法迭代效率。""任...",互联网,http://jobs.zhaopin.com/CCL1479851850J40814703211.htm,100-299人,2025-12-18 01:30:58
运筹优化算法工程师,北京,北京沃东天骏信息技术有限公司,硕士,3-5年,"深度学习,机器学习,XGBoost,K-means算法,Transformer,DNN,LSTM,自然语言处理,搜索/推荐算法,PyTorch,Python",3.5-7万·20薪,1.参与价格领域相关项目，了解和挖掘业务痛点并提出可行的解决方案；2.运用机器学习、因果推断、运筹优化等技术解决京东价格领域相关算法问题，提升定价效率、提升公司业绩、赢得低价心智。3.对技术有热情，能够及时跟进价格相关的最前沿技术发展，并合理的运用到实际项目中。任职资格：1.计算机、数学、统计学或人工智能等相关专业研究生学历以上。2.熟练使用机器学习、运筹优化、因果推断等技术解决实际问题。3.对数...,电子商务,http://jobs.zhaopin.com/CC699180530J40763375712.htm,10000人以上,2025-04-16 10:09:34
北京-具身智能算法工程师,北京,北京思灵机器人科技有限责任公司,硕士,3-5年,"深度学习,强化学习 ",3.5-6.5万,岗位职责1、负责机器人具身操作任务的强化学习算法开发，包括架构设计、数据处理、训练优化及真机部署；2、研究多模态学习方法，结合视觉、触觉、力反馈提升机器人决策能力；3、负责视觉感知（物体检测、语义分割、3D场景重建等）、机器人运动策略学习（模仿学习），机器人专家示范动作的采集和处理；4、优化从模拟到现实（Sim2Real）的迁移技术，如fine-tuning、prompt设计等，提升算法精度、鲁棒...,人工智能,http://jobs.zhaopin.com/CC822193520J40729675201.htm,1000-9999人,2025-12-09 00:00:02
多模态算法工程师（北京）(A61427),北京,捷安高科,本科,3-5年,"图像算法,多模态算法,大模型算法",3.5-6.5万,职位描述：1. 负责多模态（图像、文本、语音等）融合算法的研究与开发，设计跨模态数据表征与对齐模型。2. 优化多模态预训练模型（如CLIP、Flamingo等），提升模型在目标场景下的泛化能力。3. 结合业务需求，完成多模态算法在推荐、搜索、内容生成等场景的落地。4. 跟踪学术界/工业界前沿技术，推动多模态领域的技术创新。5. 参与数据标注、清洗及多模态数据集构建，解决数据异构性问题。职位要求：硬...,计算机软件,http://jobs.zhaopin.com/CC219039210J40859864115.htm,500-999人,2025-07-03 13:39:03
算法开发工程师,北京,北京沃东天骏信息技术有限公司,硕士,经验不限,"深度学习,机器学习,多模态算法,Transformer,DNN,自然语言处理,搜索/推荐算法,反欺诈/风控",3.5-7万·20薪,"1.电商场景下的人工智能；2.建立人工智能模型，提升电商收益， 提升用户体验；3.对电商海量数据高效处理，分析任职资格：1、机器学习/深度学习/NLP/大语言模型/推荐算法/运筹优化方向相关专业；2、掌握1-2门编程语言，Python优先，有良好的编程风格，对数据结构有深入的理解；3、掌握Spark、Hive等常用大数据工具；4、熟悉深度学习的开源框架，如Tensorflow, Pytorch等，...",电子商务,http://jobs.zhaopin.com/CC699180530J40762716512.htm,10000人以上,2025-04-14 20:00:47
大模型算法工程师,北京,北京三快在线科技有限公司,硕士,经验不限,,面议,基础研发平台是美团的核心技术平台，立足于“零售+科技”的战略定位，通过打造人工智能、大数据、云计算、安全等核心技术能力，以及研发效能平台、企业应用平台等公共服务，为业务提供稳定安全、扩展易用、技术领先的平台技术和产品服务。在这里，我们会参与到最前沿的技术研发和探索；能够接触超规模集群、海量数据，挑战高复杂业务场景，有机会与业界一流的工程师一起并肩前行。在这里，我们有超强的技术氛围，持续向社区贡献业...,互联网,http://jobs.zhaopin.com/CC383625320J40766522109.htm,10000人以上,2026-01-11 08:36:38
地图搜索算法工程师,北京,京东集团,本科,3-5年,Java,3-6万·16薪,岗位职责及目标1. 负责地图场景搜索推荐引擎构建与开发。2. 负责地图场景文本分类、命名实体识别、文本相似度等NLP模块开发。3. 负责地图场景搜索、推荐场景排序优化。4. 负责地图场景大模型智能搜索开发与应用。5. 跟踪大模型、机器学习、数据挖掘等方向的前沿算法，承担技术框架建设和落地实施优化。任职要求（必选）计算机相关专业硕士及以上学历，有3年以上搜索/NLP/大模型相关实际落地经验（必选）对...,互联网,http://jobs.zhaopin.com/CC192921310J40823453209.htm,10000人以上,2026-01-11 01:23:31
大模型算法工程师,北京,北京沃东天骏信息技术有限公司,硕士,3-5年,"大模型算法,多模态算法,强化学习 ,GPT,BERT,RoBERTa,自然语言处理,搜索/推荐算法,反欺诈/风控,Python,PyTorch,Java",3.5-7万·20薪,部门直招，请直接发我简历！！！llm、nlp、搜推、java、大数据都要，因为boss算法原因可能沟通岗位不匹配，打招呼就是符合要求！任职资格：1.3年以上工作经验，有数学、统计学、计算机等相关专业背景；2.熟悉chatglm、qwen、llama等大模型，有prompt工程化思维。3.熟悉Transformer、Bert、GPT等网络框架；4.熟悉SVM、 XGBoost、决策树等算法；,电子商务,http://jobs.zhaopin.com/CC699180530J40762717012.htm,10000人以上,2025-04-14 20:00:37
大模型应用算法工程师（智能客服）,北京,北京三快在线科技有限公司,硕士,1年以下,,面议,基础研发平台是美团的核心技术平台，立足于“零售+科技”的战略定位，通过打造人工智能、大数据、云计算、安全等核心技术能力，以及研发效能平台、企业应用平台等公共服务，为业务提供稳定安全、扩展易用、技术领先的平台技术和产品服务。在这里，我们会参与到最前沿的技术研发和探索；能够接触超规模集群、海量数据，挑战高复杂业务场景，有机会与业界一流的工程师一起并肩前行。在这里，我们有超强的技术氛围，持续向社区贡献业...,互联网,http://jobs.zhaopin.com/CC383625320J40762920309.htm,10000人以上,2026-01-11 08:35:13
引擎后端开发工程师,北京,京东集团,本科,3-5年,"Java,C++",3-6万·16薪,岗位职责及目标1. 负责设计和实现POI/地址检索引擎构建。2. 负责实时调度服务引擎构建。3. 负责服务系统稳定性4. 负责离线数据流转更新与制作任职要求（必选）计算机相关专业本科及以上学历，有3年以上工程架构相关实际落地经验（必选） 数据库管理：PostgreSQL、MySQL、REDIS、ES等熟悉（必选）熟练掌握JAVA/Python/C++/GO任意一种开发语言（必选） 有大数据处理经验...,互联网,http://jobs.zhaopin.com/CC192921310J40823451509.htm,10000人以上,2026-01-11 01:23:31
NLP算法工程师,北京,北京沃东天骏信息技术有限公司,硕士,3-5年,,3.5-7万·20薪,部门直招，请直接发我简历！！！ llm、nlp、搜推、java、大数据都要，因为boss算法原因可能沟通岗位不匹配，打招呼就是符合要求！ 任职资格： 1.3年以上工作经验，有数学、统计学、数据挖掘、机器学习、计算机等相关专业背景； 2.熟悉Pytorch、TensorFlow、Caffe等； 3.熟悉Transformer、Bert、GPT等网络框架； 4.熟悉SVM、 XGBoost、决策树等算...,电子商务,http://jobs.zhaopin.com/CC699180530J40762689112.htm,10000人以上,2025-04-14 18:47:09
大模型与智能体算法工程师/专家,北京,北京三快在线科技有限公司,硕士,1-3年,,面议,基础研发平台是美团的核心技术平台，立足于“零售+科技”的战略定位，通过打造人工智能、大数据、云计算、安全等核心技术能力，以及研发效能平台、企业应用平台等公共服务，为业务提供稳定安全、扩展易用、技术领先的平台技术和产品服务。在这里，我们会参与到最前沿的技术研发和探索；能够接触超规模集群、海量数据，挑战高复杂业务场景，有机会与业界一流的工程师一起并肩前行。在这里，我们有超强的技术氛围，持续向社区贡献业...,互联网,http://jobs.zhaopin.com/CC383625320J40700769409.htm,10000人以上,2026-01-11 08:27:45
算法开发-V5639T,北京,京东集团,硕士,5-10年,"物流,运筹学,Java,机器学习,大数据技术",3-6万·16薪,工作内容： 1.负责交通路线通过轨迹挖掘经验路线，基于路网进行算路和排序，结合司机行为进行最优路线的推荐工作; 2.使用大数据技术和运筹学知识，对物流网点进行智能规划，提升整体网络的效率降低运营成本; 3.承担业务系统需求的分析，设计，开发工作，解决地图系统的关键技术难题，以及新技术的调研工作。 任职资格： 1.计算机等相关专业，硕士及以上学历，3年以上工作经验; 2.熟悉机器学习相关理论，对大数...,互联网,http://jobs.zhaopin.com/CC192921310J40782146109.htm,10000人以上,2026-01-11 00:10:03
感知模型优化算法工程师（北上广深）,北京,文远知行,硕士,经验不限,"图像算法,强化学习 ,大模型算法,智能驾驶,导航算法,自然语言处理,交通灯识别,红绿灯,障碍物识别",3-6万·15薪,关于公司文远知行成立于 2017 年，是全球领先的 L4 级自动驾驶科技公司，致力于“以无人驾驶改变人类出行”，已在全球超过 25 个城市开展自动驾驶研发、测试及运营，累积自动驾驶里程超1600万公里，应用场景覆盖智慧出行、智慧货运和智慧环卫，形成自动驾驶出租车、自动驾驶小巴、自动驾驶货运车、自动驾驶环卫车、高阶智能驾驶等五大产品矩阵，提供网约车、随需公交、同城货运、智能环卫、高阶智能驾驶解决方案...,人工智能,http://jobs.zhaopin.com/CC841207690J40821278507.htm,300-499人,2026-01-07 10:01:36
大模型算法专家/总监,北京,光庭信息,硕士,3-5年,大模型算法,3-6万·14薪,一、AI算法专家1.主导AI核心领域（聚焦大模型、RAG、Agent方向）的前沿算法研究与架构设计，深入探索大模型微调（如LoRA等）、RAG全流程优化（如知识库构建与检索协同优化等）、Agent智能规划与工具调用等核心技术的创新应用，突破关键技术瓶颈；2. 针对公司核心业务场景，将大模型微调、RAG、Agent关键成果转化为可落地的AI算法方案，负责从数据预处理、模型调优、知识库构建到工程化部署...,计算机软件,http://jobs.zhaopin.com/CC534400620J40785501516.htm,1000-9999人,2026-01-06 09:30:30
游戏AI算法工程师（棋牌类策略方向）,北京,广州娱加数字文化传媒有限公司,本科,3-5年,"机器学习,强化学习 ,大模型算法,知识图谱,机器视觉,Python,SOLVER算法,游戏AI",4-6万,岗位职责：1. 负责棋牌类游戏（如扑克、麻将等）AI策略算法的研发与优化。2. 设计和实现基于强化学习的AI模型，完成策略训练、对抗评估与性能提升。3. 开发并优化Solver模型（如CFR、MCCFR等），支持实时决策与离线分析。4. 构建高质量的棋牌游戏模拟环境，支持算法训练与测试。5. 配合团队完成AI算法的落地部署，确保线上稳定运行与效果验证。 任职要求：1. 计算机、数学、人工智能等相关...,文化艺术/娱乐,http://jobs.zhaopin.com/CCL1406658260J40883101702.htm,100-299人,2026-01-05 00:20:20
感知算法工程师-- 机器学习/视觉算法（L4）,北京,文远知行,硕士,经验不限,"机器学习,深度学习,图像算法,机器视觉,智能驾驶,通信算法,红绿灯,交通灯,交通手势",3-6万·15薪,关于公司文远知行成立于 2017 年，是全球领先的 L4 级自动驾驶科技公司，致力于“以无人驾驶改变人类出行”，已在全球超过 25 个城市开展自动驾驶研发、测试及运营，累积自动驾驶里程超1600万公里，应用场景覆盖智慧出行、智慧货运和智慧环卫，形成自动驾驶出租车、自动驾驶小巴、自动驾驶货运车、自动驾驶环卫车、高阶智能驾驶等五大产品矩阵，提供网约车、随需公交、同城货运、智能环卫、高阶智能驾驶解决方案...,人工智能,http://jobs.zhaopin.com/CC841207690J40821277807.htm,300-499人,2026-01-07 10:01:02
AI开发工程师,北京,北京千一智城科技发展有限公司,本科,3-5年,,3-6万,岗位描述 负责人工智能模型在实际业务场景中的落地与优化，包括模型的应用架构设计以及模型的训练与微调，参与模型的部署与应用开发。 岗位职责 1. 负责AI模型的架构设计与迭代，包括大语言模型和各类经典人工智能模型的训练、微调及量化； 2. 负责模型的推理优化和服务化封装以及模型的私有化部署 3. 设计、实现与优化 RAG（检索增强生成）架构； 4. 参与系统架构设计与研发，与数据、产品团队协作推进模...,计算机软件,http://jobs.zhaopin.com/CC521385780J40800498609.htm,20-99人,2026-01-05 00:00:01
无人机制导控制算法工程师(A177987),北京,深圳市塞防科技有限公司,本科,1-3年,"飞控算法,制导控制算法",3-6万·15薪,岗位职责：1.主导无人机制导算法开发，设计飞行控制策略（如姿态控制、轨迹跟踪）2.熟悉高机动目标的运动估计与预测算法；3.结合无人机动力学模型与场景需求，优化轨迹规划算法（如基于采样的运动规划、探索式规划），提升算法实时性与鲁棒性4.负责算法仿真与测试，优化飞控系统动态响应与稳定性5.参与飞控系统与硬件平台（瑞芯微3588、英伟达NX）的集成调试，解决复杂工况下的控制问题；6.制定飞控制导算法开发...,智能硬件,http://jobs.zhaopin.com/CCL1474860650J40865174812.htm,100-299人,2025-12-31 16:33:00
导航基带算法工程师（高级）,北京,北京李龚导航科技股份有限公司,硕士,10年以上,"北斗接收机,GNSS,基带算法",3-6万,岗位职责：1．负责北斗/GNSS接收机基带信号处理算法的开发、调试与维护； 2．参与北斗/GNSS基带算法的设计与开发（包括基带算法实现方案以及具体导航信号的捕获、跟踪、位同步、帧同步、多路径检测与抑制等），提升、优化在多种情况下的捕获和跟踪效果； 3．负责基带信号处理数据的分析与问题解决；4．负责项目相关的北斗/GNSS基带处理算法方面技术文档撰写。任职要求： 1．电子、通信、计算机、导航等相关...,船舶/航空/航天/火车制造,http://jobs.zhaopin.com/CC373907880J40548031403.htm,100-299人,2025-12-31 11:13:39
高级算法工程师（药物设计算法专家）,北京,北京和光同盛科技有限公司,硕士,3-5年,"机器学习,Python",3-6万·13薪,工作职责：一、算法开发与实现：1.新的数学模拟算法开发：熟练应用各种数值方法（如线性代数求解器、优化算法、数值积分、微分方程求解、蒙特卡洛方法、机器学习模型）解决化学计算问题。针对特定化学问题（如分子动力学模拟、量子化学计算、自由能计算、构象搜索、反应路径探索、机器学习势函数开发等），设计新颖且高效的数值算法和计算方法。并形成知识产权专利。2.优化现有算法：分析现有AI模型的计算化学方法的性能瓶颈...,人力资源服务,http://jobs.zhaopin.com/CCL1462623870J40913490715.htm,500-999人,2025-12-30 15:01:38
搜素算法leader,北京,山东华悦商贸有限公司,本科,5-10年,Python,3-6万·15薪,职位描述1、优化搜索链路（搜索引导、Query 处理、ES DSL 优化、特征工程、个性化排序等），提升相关性、首点位置、CTR、渗透率等核心指标；2、与标注运营、外包团队协作，建立高效可靠的数据标注流，保障算法训练数据质量；3、与策略产品团队协作，优化策略效能与前台展现体验；与工程团队协作，打造高效率工程工具，提升上线速度与整体体验；4、调研、评估、引入新工具与算法，提升算法迭代效率。职位要求1...,快速消费品,http://jobs.zhaopin.com/CC889109350J40834625905.htm,500-999人,2025-12-27 01:14:01
NLP算法工程师-豆包手机助手,北京,字节跳动,本科,经验不限,,3-6万,岗位职责：1、负责搜索相关算法的探索和实现，结合用户画像、个人知识图谱，提升AI应用的个性化和用户理解能力；2、基于用户的多模态数据，构建用户的基础属性、兴趣画像以及个人知识图谱；3、负责大模型在垂类场景下的应用，探索大模型的落地方式和效果提升。任职要求：1、熟悉机器学习、深度学习常见模型，包括分类、回归、聚类等任务，具备大模型原理和微调经验的优先；2、至少具备搜索、NLP、知识图谱、Graph等...,互联网,http://jobs.zhaopin.com/CC469217510J40623299301.htm,10000人以上,2025-12-26 13:54:38
AI推理引擎开发工程师,北京,进迭时空(杭州)科技有限公司,本科,3-5年,,3-6万,职位描述：1. 研发方向：参与公司AI CPU（同构融合计算）芯片在计算领域的前沿研发，涵盖算子、框架的设计和开发2. 技术支持：为公司个业务场景提供技术支持，推动同构融合计算技术在实际产品中的应用和落地3. 团队协作：与硬件、算法、方案团队紧密合作，共同解决技术难题，持续优化产品性能和效率 岗位职责：1. 推理引擎开发：包含基础CNN卷积及大模型推理引擎2. 后端调度优化：基于对硬件后端的理解，...,电子/半导体/集成电路,http://jobs.zhaopin.com/CCL1378359190J40787708007.htm,100-299人,2025-12-26 11:41:08
【大模型方向算法工程师】 - 微调与应用专家,北京,山东华悦商贸有限公司,本科,3-5年,大模型算法,3-6万·15薪,工作职责：开展大模型算法研究，包括但不限于单模态和多模态大模型的微调（如LoRA、Qlora）、强化学习方法的应用、模型量化技术以及分布式部署算法的设计与实现。为团队提供支持，解决大模型在特定垂直领域的实际落地问题，确保模型能够有效适应业务场景的需求。针对大模型在可控性、可信度及推理效率方面存在的不足之处提出解决方案，克服业务实施过程中遇到的技术障碍与跨部门的技术和业务团队紧密合作，共同推进项目进...,快速消费品,http://jobs.zhaopin.com/CC889109350J40835308605.htm,500-999人,2025-12-25 18:14:42
DSP控制算法专家,北京,南京蓝魔云信息技术有限公司,硕士,5-10年,"SVG,高压变频器,储能PCS",3.5-6万·15薪,某台企天津SST团队软件算法岗目前base北京海淀 年后一二季度左右搬家天津西青区薪资可谈基本技能：1.电力电子，电气工程，自动控制等相关专业硕士及以上学历；2.精通模块化电力电子产品软硬件控制系统开发，有成功的LLC、DAB、ISOP（10kV/35kV）、SVG、MMC拓扑产品主控开发经验；3.熟悉模块化拓扑架构，掌握SPWM、SVPWM或CPS-PWM、SPS调制算法机理4.了解模块化、多电...,计算机软件,http://jobs.zhaopin.com/CCL1215728260J40774171616.htm,20-99人,2025-12-23 17:12:18
Agent 算法工程师（中医智能机器人方向）,北京,北京雪扬科技有限公司,本科,5-10年,"深度学习,多模态算法,大模型算法,PyTorch,TensorFlow,OpenCV,Python,C++",3-6万,岗位职责：1、负责中医智能机器人相关 Agent 算法的设计、研发与优化，包括但不限于智能决策、任务规划、多 Agent 协作、人机交互意图理解等核心模块；2、结合中医临床场景需求（如辨证论治、经络诊疗、康复指导等），将 Agent 算法与中医理论、诊疗流程深度融合，提升机器人在中医场景下的智能化水平与实用价值；3、构建 Agent 算法的评估体系，针对中医诊疗的特殊性设计测试方案，验证算法的准确...,IT服务,http://jobs.zhaopin.com/CC344700880J40862178112.htm,100-299人,2025-12-22 15:19:40
Model Inference Engineer (PC & Android),北京,联想(北京)有限公司,硕士,5-10年,大模型,面议,We are looking for a senior-level engineer to focus on high-performance model inference across PC and Android platforms. The role centers on optimizing LLM/multimodal models for low latency and effici...,计算机硬件,http://jobs.zhaopin.com/CC000024060J40907064208.htm,10000人以上,2025-12-17 23:13:50
算法工程师（半导体机台运动校准）,北京,北京晶亦精微科技股份有限公司,本科,3-5年,运动控制,3-6万·14薪,"岗位职责：1. 熟悉掌握半导体运动高精度控制, 位置跟踪, PID控制及编程，定位校准（X,Y,Z, 方位角）。 2. 掌握机台stage位移控制。3.熟练掌握半导体机台运控算法，及闭环校准。 岗位要求：主流光伏、显示、半导体、封装行业量检测设备开发，2年以上算法开发经验",电子/半导体/集成电路,http://jobs.zhaopin.com/CCL1216569920J40811989109.htm,100-299人,2025-12-17 00:26:20
算法专家（大模型方向）,北京,北京雪扬科技有限公司,硕士,5-10年,,3-6万,岗位职责： 1.负责大规模预训练模型的研发工作，包括架构设计、训练优化、分布式加速等核心技术攻关 ；2.主导大模型在具体业务场景（NLP/CV/多模态/生理信号等）的应用落地，设计创新解决方案 ；3.构建模型微调、提示工程、模型压缩等工业化应用技术体系； 4.与产品、数据、工程团队紧密协作，推动算法到产品的全流程落地 ；5.跟踪学术界与工业界前沿技术动态，探索大模型领域创新方向 。任职要求： 【硬...,IT服务,http://jobs.zhaopin.com/CC344700880J40862158512.htm,100-299人,2025-12-22 15:00:44
算法专家,北京,华高世纪,硕士,3-5年,"图像算法,大模型算法",4-6万,工作地址：苏州。江苏省苏州市苏州工业园区新平街388号腾飞苏州创新园 16栋工作内容： 1.技术方向规划与研究 结合公司业务需求，研究确定适合公司产品图像识别的技术方向。主导多模态融合算法（可见光/3D点云）、工业缺陷生成式模型（Diffusion/GAN）、视觉语言大模型等前沿方向的可行性研究，制定技术路线。 重点攻关小样本缺陷检测、故障样本增强、变化检测、多模态应用等工业视觉核心难题。 2.前...,船舶/航空/航天/火车制造,http://jobs.zhaopin.com/CC134339900J40816217803.htm,100-299人,2025-12-08 00:04:20
飞控算法工程师,北京,北京空天时代科技有限公司,硕士,3-5年,"掌握飞行力学、自动控制原理、,INS/GNSS组合导航算法设计,具有惯导系统设计,导航、制导与控制",3-6万,1、负责火箭操纵性和稳定性分析、弹道设计；2、负责建立飞行器六自由度仿真模型；3、负责制导控制系统方案设计、控制参数设计；4、负责火箭数学仿真分析；5、负责提出飞控软件任务书并对软件设计结果进行校核；6、负责组织、完成半实物仿真试验并进行总结；7、负责飞行试验结果分析；8、负责控制专业能力建设；9、完成其他相关工作。岗位要求：1、导航、制导与控制、控制理论与控制工程、飞行器设计、自动化、数学与应用...,船舶/航空/航天/火车制造,http://jobs.zhaopin.com/CCL1502882100J40872204602.htm,20-99人,2025-12-07 08:08:32
AI模型开发工程师,北京,北京外企人力资源服务青岛有限公司,硕士,5-10年,,5-6万,岗位职责：1.模型部署，负责将预训练模型部署到生产环境中，确保模型在实际应用中的性能和稳定性，包括基于国产化硬件的环境；2.模型优化：对大规模预训练模型进行微调以适应特定任务或领域，实施量化技术减少模型大小，提高推理速度而不大幅影响准确率，应用模型蒸馏技术将大型模型的知识迁移到小型模型中，提升效率；3.国产化算力测试：负责在国产化算力平台（包含但不限于昇腾、寒武纪等）上进行模型的性能测试与评估，分...,人力资源服务,http://jobs.zhaopin.com/CC532130320J40874399902.htm,1000-9999人,2025-12-05 10:56:10
工业人工智能架构师,北京,浪潮集团,硕士,5-10年,"多模态算法,强化学习 ,大模型算法",3-6万,1. Al 基础大模型的设计与开发-主导公司AI基础大模型及行业场景 Agent系统的架构设计与开发工作，确保系统的稳定性、可扩展性和前瞻性。-深入理解客户需求，构建可配置化的AI Agent框架，为不同行业及岗位提供定制化解决方案。2.行业AI Agent的落地与部署-设计并实现针对不同行业与岗位场景的智能化Al Agent，涵盖场景建模、算法优化和应用部署全流程。-协调技术团队与行业专家的合作...,IT服务,http://jobs.zhaopin.com/CC120143600J40903429315.htm,10000人以上,2025-12-04 09:31:18
流体求解器算法开发工程师,北京,山东创合信息化教学设备有限公司,硕士,3-5年,,3-6万,岗位职责：1、负责流体软件整体设计；2、负责算法推导与实现；3、负责理论文档编写。任职要求：1、流体力学、飞行器设计与制造、航空航天、热能、化工等相关专业；2、熟练掌握流体力学相关知识，熟练掌握有限体积、有限元等相关离散方法中的一种；3、有大规模软件开发经验，熟练掌握C++；4、熟悉常用的CFD软件优先；5、有Euler-Euler/ Euler-Lagrange多相流、化学反应与燃烧、动网格/自...,计算机硬件,http://jobs.zhaopin.com/CCL1501137490J40811610601.htm,100-299人,2025-12-03 14:02:43
AI应用开发工程师,北京,北京外企人力资源服务青岛有限公司,硕士,5-10年,,5-6万,岗位职责：1.智能体开发与维护，根据业务需求开展相关的智能体设计、开发、落地工作，使用平台进行工作流搭建，提示词编写，支持业务测试和落地；2.平台二次开发：根据项目需求对现有平台进行必要的定制化开发；3.知识库构建：设计并实现高效的知识库系统，支持智能体的回答质量，构建基准数据集对知识库进行性能测试4.跟踪和研究前沿的AI技术，不限于深度学习、机器学习及大模型算法研究等，可以针对特定业务需求设计算...,人力资源服务,http://jobs.zhaopin.com/CC532130320J40874395602.htm,1000-9999人,2025-12-05 10:54:42
多模态大模型算法工程师,北京,经纬恒润,硕士,经验不限,"语音识别,多模态算法,大模型算法,GPT,自然语言处理",3-6万·15薪,岗位职责：1.负责智能座舱场景下的多模态（舱内外语音、舱内外视觉、车身状态参数等模态）大模型的指令微调、偏好对齐等阶段的工作，包括但不限于数据迭代、模型训练、模型自动化评测等环节。2.搭建训练数据处理Pipeline，推动汽车座舱场景的音视频、文本等数据闭环，结合模型反馈进行数据动态筛选与更新，包含但不限于数据的质量评估、清洗、格式化、分类等。调优训练数据配比，持续构建与优化数据集。3.基于多模态...,电子/半导体/集成电路,http://jobs.zhaopin.com/CC000571490J40811501511.htm,1000-9999人,2025-12-03 11:36:38
结构求解器算法开发工程师,北京,山东创合信息化教学设备有限公司,博士,经验不限,,3-6万,岗位职责：1、负责通用仿真软件平台结构求解器开发，包括材料本构、单元算法或接触算法开发等；2、负责竞品软件算法调研；3、负责理论文档编写。任职要求：1、固体力学、计算数学、机械、土木、材料等相关专业，博士研究生学历；2、熟悉有限元理论，掌握非线性有限元算法、隐式/显式动力学算法等相关知识；3、具备优秀的数学基础和编程能力；4、有数值仿真软件研发经验者优先。,计算机硬件,http://jobs.zhaopin.com/CCL1501137490J40811606101.htm,100-299人,2025-12-03 13:58:53
AI智能体技术专家 (MJ000680),北京,卓望信息技术(北京)有限公司,硕士,5-10年,AI智能体,4-6万·13薪,一、核心职责：1.设计公司级AI智能体技术栈、系统标准架构规范；2.深度理解公司业务场景，将AI智能体能力嵌入核心业务流程，设计跨业务线的AI解决方案；3.打造公司、业务级智能体平台底座，建立AI能力开放平台（如MCP网关），实现内外部资源（数据、服务、模型）的高效整合，并做好对应技术支撑及推广；4.主导AI研发体系构建及对应工具能力打造；5.研究突破大模型应用关键技术，为智能体开发提供核心技术支...,互联网,http://jobs.zhaopin.com/CC120834160J40872115402.htm,1000-9999人,2025-12-02 14:35:55
算法部总监,北京,中国华戎科技集团有限公司,硕士,5-10年,"智能驾驶,导航算法,强化学习 ",4-6万,工作职责1、技术规划与方向制定：主导算法部门技术路线规划，结合市场需求和产品目标制定人工智能技术体系及实现路径。跟踪前沿技术（如深度学习、NLP、CV等），推动算法创新与业务场景结合。2、团队管理与协作：负责算法团队的日常管理，包括任务分配、成果评估及团队结构优化。跨部门协作（如研发、产品部门），完善技术方案并推动落地。3、关键技术攻关：主导核心算法设计，解决复杂技术问题。构建知识产权保护体系，完...,计算机硬件,http://jobs.zhaopin.com/CC446766210J40823785014.htm,100-299人,2025-11-21 11:36:11
高级算法主管/经理,北京,北京理工雷科电子信息技术有限公司,硕士,5-10年,,3-6万,岗位职责：1、精通地基雷达目标检测跟踪识别算法，特别是对低慢小目标的回波信号处理具有较高理论水平和长期深入研究，工程实践经验丰富；2、对雷达系统理论、工作模式、系统组成、工作波形、波束扫描等总体知识较熟悉；3、熟练使用matlab，处理外场试验数据经验丰富；4、对学术前沿的检测跟踪识别方法了解，能够在实际工程中应用；5、对算法的实时处理软件实现熟悉者优先；6、领导安排的其它工作。任职要求：1.硕士...,电子/半导体/集成电路,http://jobs.zhaopin.com/CC338210710J40863736602.htm,500-999人,2025-11-21 10:37:59
隐私计算工程师,北京,京北方,博士,经验不限,"深度学习,机器学习,联邦学习",3-6万·14薪,能落户工作职责:1.设计、开发隐私计算相关项目、产品和算法；2.设计、实施隐私计算相关技术解决方案；3.研究并掌握隐私计算领域的技术与发展动态；4.团队合作，确保应用方案的按质、按时落地实现。任职要求:1.熟悉密码学，具备联邦学习、多方安全计算、同态加密、差分隐私、可信计算等技术知识；2.熟悉至少一种联邦学习、安全多方计算协议算法或开源框架；3.熟练掌握Linux环境编程，精通python/gol...,IT服务,http://jobs.zhaopin.com/CC315847110J40736954807.htm,10000人以上,2025-11-13 15:18:11
大模型算法工程师,北京,智联招聘,硕士,1-3年,"深度学习,大模型算法,多模态算法,GPT,BERT,Transformer,DNN,Attention,自然语言处理,反欺诈/风控,搜索/推荐算法,TensorFlow,PyTorch,Keras,Python,Java",3-6万·14薪,岗位职责:1.基于公司业务场景需求进行大模型算法相关研发；2.参与大规模预训练语言模型的研发、部署、微调，主要涉及功能实现、性能优化、系统调优、硬件适配等工作;3.根据需求复现相关自然语言处理算法；4.参与前沿算法与应用的研究。职位需求:1.自然语言处理、机器学习及相关专业、1年以上相关工作经验；2.较强的算法开发能力，熟悉C++、python等一种或多种编程语言；3.掌握传统NLP、深度学习NL...,互联网,http://jobs.zhaopin.com/CCL1501502560J40820362714.htm,1000-9999人,2025-11-11 15:52:06
大模型算法,北京,智联招聘,硕士,1-3年,"BERT,智能客服,聊天机器人,推荐系统",3-6万·14薪,岗位职责:1.基于公司业务场景需求进行大模型算法相关研发； 2.参与大规模预训练语言模型的研发、部署、微调，主要涉及功能实现、性能优化、系统调优、硬件适配等工作; 3.根据需求复现相关自然语言处理算法； 4.参与前沿算法与应用的研究。 职位需求: 1.自然语言处理、机器学习及相关专业、1年以上相关工作经验； 2.较强的算法开发能力，熟悉C++、python等一种或多种编程语言； 3.掌握传统NLP...,互联网,http://jobs.zhaopin.com/CC120019970J40789648603.htm,1000-9999人,2025-11-05 20:31:39
nlp算法工程师,北京,浪潮集团,博士,5-10年,NLP,3-6万,岗位职责1.具备GPT模型的开发和训练经验，2. 熟悉Linux开发环境，熟练掌握开发语言Python，至少熟悉一种其它开发语言，包括但不限于Go、Java，熟悉Tensorflow，PyTorch，Keras等常用深度学习工具3. 熟悉常用的算法模型，如transformer，CNN，RNN，BERT等。4. 有较强的综合工作能力，了解上下游服务，基于所处的算法模型工作，能够配合上游拉通数据，协...,IT服务,http://jobs.zhaopin.com/CC120143600J40888600015.htm,10000人以上,2025-09-16 11:10:44
大模型算法工程师,北京,智联招聘,本科,1-3年,"Python,PyTorch,大模型",3-6万,岗位职责：1. 负责招聘领域大模型的微调与优化2. 提升模型在特定领域的表现和效果3. 跟进前沿算法技术，进行技术预研和项目实施岗位要求：1. 1-5年大模型算法相关工作经验2. 熟练掌握大模型微调技能3. 具备大厂工作经历者优先,互联网,http://jobs.zhaopin.com/CCL1501502560J40779217814.htm,1000-9999人,2025-11-10 20:01:41
高级人工智能专家（ERP智能化方向）,北京,昆仑数智科技有限责任公司,硕士,5-10年,"ERP开发,SAP开发",3-6万,（1）研究前沿AI技术（如强化学习、联邦学习、生成式AI）在ERP场景的应用（如供应链优化、财务风险预测）；（2）设计并开发AI驱动的ERP智能化模块（如智能预测、自动化流程、对话式交互、知识构建等）；（3）优化ERP业务流程的智能化水平（如自动化采购决策、生产排程动态调整、客户需求智能分析）；（4）与ERP产品经理、业务专家合作，将行业知识（如MRP逻辑、财务合规规则）转化为AI可理解的范式；（...,IT服务,http://jobs.zhaopin.com/CC000608030J40754725516.htm,1000-9999人,2025-09-08 16:06:49
大模型应用算法工程师,北京,浪潮集团,博士,5-10年,"机器学习,大模型算法,多模态算法,机器视觉,自然语言处理,PyTorch,Python",3-6万,岗位职责1、负责政务大模型Agent算法侧需求评估和研发工作2、负责政务大模型Agent场景算法效果的调优方案制定和调优方案实施的工作3、负责政务大模型项目上的产品运维、升级、技术支持、文档维护等工作。4、根据具体的任务和应用场景，设计和编写有效的 prompt，引导大模型生成高质量的输出。5、熟练使用Python等编程语言；掌握TensorFlow、PyTorch等深度学习框架；了解机器学习和深...,IT服务,http://jobs.zhaopin.com/CC120143600J40887461815.htm,10000人以上,2025-09-11 16:46:39
AI算法专家(J10619),北京,卓望信息技术(北京)有限公司,本科,5-10年,"大模型算法,自然语言处理,深度学习,机器学习,Python",4-6万,岗位职责:1、技术引领：结合业务场景和前沿技术进展，牵头一种或多种AI技术的深入研究，打造有竞争力的AI能力深入业务场景，设计端到端的AI解决方案并打造行业标杆案例以业务需求为导向，统筹模型训练、平台开发、应用落地的全流程项目交付2、AI能力建设及攻坚持续积累大模型工具链，提升AI应用开发效率和质量参与跨业务线生产实施过程中的AI技术解决方案，参与跨业务线的技术选型、架构设计和技术评审了解IPD集...,互联网,http://jobs.zhaopin.com/CC120834160J40775124402.htm,1000-9999人,2025-08-04 16:45:39
Ai大模型应用算法岗,北京,京东集团,本科,3-5年,"大模型算法,Python",2.8-5.5万·20薪,岗位职责1、应用LLM、RAG、NLP/NLG等技术，推动知识问答、图文生成、数据分析等大模型产品的落地与实施；2、关注并研究数据挖掘领域的前沿技术，将先进技术有效应用于实际项目中，解决业务中的复杂数据挖掘问题，包括但不限于机器学习、深度学习及大模型技术；3、合规风险识别及模型建设：基于海量全链路业务数据，运用数据挖掘技术构建模型，深入挖掘并识别电商企业中存在的各类风险问题（如账号、营销、交易、渠...,互联网,http://jobs.zhaopin.com/CC192921310J40819691609.htm,10000人以上,2026-01-11 00:23:01
高级AI Infra工程师,北京,浪潮集团,硕士,3-5年,"深度学习,多模态算法,DEEPSPEED,MEGATRON",4-6万·14薪,岗位职责：1、负责Al Infra领域核心技术攻坚，设计语言/视觉/多模态大模型训练及推理的技术架构和实现方案，更高效的实现模型训练和推理；2、结合异构硬件(如CPU/GPU/NPU)的特性，通过算子优化、异步并发、I/O优化等方式减少计算耗时，优化计算效率；3、根据AI模型的发展趋势(如长序列、稀疏等)，提前规划和研发分布式计算新技术和异构计算新硬件，完成高性能计算框架的设计、研发和优化。任职要...,IT服务,http://jobs.zhaopin.com/CC120143600J40822966915.htm,10000人以上,2025-03-19 10:10:41
高级视觉算法-图像方向,北京,元潼(北京)技术有限公司,硕士,3-5年,"超分,图像分辨率,图像复原,图像去噪,去模糊,ISP,PyTorch",3.5-5.5万·13薪,岗位职责：1、负责机器视觉算法（如图像超分辨率、图像去噪、增强、去模糊、复原等）的调研、算法设计、开发和调优。2、负责光学成像系统中的图像质量优化，结合传统图像处理算法和深度学习算法提升各种场景下的成像效果。3、探索与跟进前沿技术，推动在实际应用领域中的性能优化和落地。负责相关技术、项目的文档整理和撰写。任职要求：1、具备硕士及以上学历，计算机、电子信息、人工智能、自动化等相关专业。2、熟练使用P...,智能硬件,http://jobs.zhaopin.com/CCL1419449290J40824633809.htm,20-99人,2026-01-10 01:27:37
搜索排序算法,北京,去哪儿网（Qunar.com）,本科,3-5年,"SQL,搜索引擎技术,广告算法,TensorFlow,PyTorch,Spark,Hadoop,机器学习,推荐算法",5-5.5万·16薪,职位描述1、 本科及以上学历，3年以上推荐/搜索/广告任一领域的研发经验2、 参与业务分析、特征构建、模型建立、算法实现等过程，实现算法效果逐步迭代并跟进业务效果3、 负责机器学习、深度学习等前沿问题的探索和研究，分析和解构实际应用场景，提供全面的技术解决方案4、 负责旅游业务场景搜索/推荐排序端到端迭代优化，优化用户搜推体验，提升点击率、转化率等核心指标；5、 具备独立负责项目的能力，能够主导制...,互联网,http://jobs.zhaopin.com/CC143301290J40833950405.htm,10000人以上,2026-01-10 01:14:56
电机控制算法工程师,北京,北京通嘉宏瑞科技有限公司,硕士,3-5年,"电机控制,FOC控制,控制算法",3.5-5.5万·14薪,岗位职责：1、负责永磁同步电机、伺服电机及步进电机控制策略及算法的设计与开发；2、基于DSP芯片使用C语言实现电机控制软件算法；3、基于MATLAB/Simulink或其它系统工具环境，进行电机控制软件算法的仿真分析和代码生成；4、进行电机控制系统的整机调试。任职资格：1、硕士研究生及以上学历，自动化控制、电机工程、电力电子等相关专业；2、具备扎实的电子电路及自动控制原理专业知识，有扎实的编程能力...,电子/半导体/集成电路,http://jobs.zhaopin.com/CC891906420J40767003702.htm,1000-9999人,2026-01-10 00:00:40
数据技术研究岗位（人工智能应用方向）,北京,中核战略规划研究总院有限公司,硕士,3-5年,"大模型算法,深度学习",3.5-5.5万,工作职责：1. 基于机器学习、生成式人工智能等技术，研发知识服务相关智能体和应用系统。2. 通用模型的本地化适配，包括模型训练、评估等。3. 跟踪、研究人工智能在知识服务领域的前沿技术和工具，结合实际情况，引入合适的解决方案，提升应用的效率和效果。能力要求：1. 硕士以上学历，计算机/软件/人工智能/数学等理工类相关专业，具备扎实的人工智能和机器学习概念基础。2. 熟悉SFT、RLHF、GRPO等...,学术/科研,http://jobs.zhaopin.com/CCL1242919950J40804389307.htm,1000-9999人,2026-01-09 14:34:01
几何算法工程师,北京,某央企数字化公司,硕士,3-5年,深度学习,3.5-5.5万·15薪,"1.能够充分理解几何造型的应用需求,熟练掌握通用的几何知识和算法;2.对于几何建模和计算几何的复杂问题,能够进行技术攻关;3.承担关键建模算法模块的设计与研发(几何拓扑,自由曲线曲面造型);4.对已有算法进行效果和效率上的优化,提升几何造型能力和计算能力;5.研究前沿的几何造型相关技术和算法并应用。",互联网,http://jobs.zhaopin.com/CCL1318355140J40612775303.htm,500-999人,2026-01-06 01:04:32
机器学习算法工程师,北京,北京外企人力资源服务青岛有限公司,本科,3-5年,,5-5.5万,岗位职责：1.负责数据分析应用类项目的人工智能技术选型、技术落地与技术问题处理，参与项目需求评估，对相关需求进行分析整理和重构，提供技术解决方案满足客户需求；2.负责项目工程化实现及模型运营监控，不限于代码编写、调试、测试以及与系统的集成；3.跟踪和研究前沿的AI技术，不限于深度学习、机器学习及大模型算法研究等，可以针对特定业务需求设计算法解决方案，并将其应用到实际项目中。技能要求：1.3年以上相...,人力资源服务,http://jobs.zhaopin.com/CC532130320J40874403102.htm,1000-9999人,2025-12-05 10:57:00
人工智能助理研究员,北京,北京雁栖湖应用数学研究院,博士,1-3年,助理研究员,3-5.5万,一、岗位职责：• 从事人工智能领域的研究，取得领先的研究成果；• 每学期教授一门课程，并参与公共服务工作；• 指导学生从事人工智能相关研究。二、资历要求：• 在人工智能、数学、计算机科学等相关领域取得与职位匹配的优秀研究成果；• 对相关领域有深刻理解与前瞻性，具备推动学科发展的能力与动力；• 教授职位要求卓越的科研与教学记录。三、薪酬待遇：• 人工智能助理研究员 40万至70万人民币，具体视资历而...,社团/组织/社会保障,http://jobs.zhaopin.com/CCL1344071530J40725947107.htm,100-299人,2025-09-18 14:59:28
算法工程师,北京,北京三快在线科技有限公司,硕士,1-3年,,面议,美团平台为用户的基础产品体验负责，还承担了美团的用户增长、市场和品牌营销以及多条业务线的产品设计职责，建立了融合文字、图片、视频和直播等不同形式的內容生态系统，同时整合地图服务部、客户服务和体验部、企业业务部、网约车业务部等部门，致力于用科技提升美团数亿消费者、近千万商家、骑手、司机和团长的服务体验。美团平台拥有高并发、多业务的复杂场景，为技术深度优化提供了最佳实践可能。这里有简单、讲逻辑、有爱的...,互联网,http://jobs.zhaopin.com/CC383625320J40815263509.htm,10000人以上,2026-01-11 10:07:45
运筹/机器学习算法工程师-J6536G,北京,京东集团,硕士,5-10年,"Hive,物流,C++,机器学习,运筹优化",3-5万·16薪,工作内容： 1. 负责将机器学习与运筹优化相结合，在末端揽派场景进行精细化运营相关工作 2. 负责物流末端揽派场景规划相关算法，包括网点选择、配送范围规划、供需资源投入等 3. 负责物流末端揽派场景调度相关算法，包括快递员任务调度分配、作业模式设计等 4. 负责物流末端揽派场景基础数据挖掘，包括快递派送ETA/及时率预估与仿真等 5. 负责大模型在Agent助手和运筹求解领域的应用探索 6. 跟踪...,互联网,http://jobs.zhaopin.com/CC192921310J40784864009.htm,10000人以上,2026-01-11 00:23:41
AI应用技术专家,北京,国家电投集团数字科技有限公司,硕士,10年以上,"深度学习,图像算法,语音识别",3-5万,岗位职责：1、跟踪、研究国内外人工智能技术的发展现状及趋势，给出行业典型场景解决方案；2、负责AI应用技术的研究与开发，包括但不限于深度学习、语言大模型或视觉大模型或多模态大模型等领域的算法研究和模型构建优化；3、参与公司AI应用技术的战略规划和项目实施，指导和带领团队进行AI项目的开发和优化，确保项目的顺利进行和高质量交付；4、与国内外科研机构和高校合作，开展前沿技术研究、学术交流和高水平论文发...,互联网,http://jobs.zhaopin.com/CCL1318355140J40833828003.htm,500-999人,2026-01-10 01:06:23
高级视觉算法-深度感知,北京,元潼(北京)技术有限公司,硕士,3-5年,"视差估计,深度估计,相机标定,光场,双目,PyTorch",3-5万·13薪,岗位职责：1、负责视觉算法（如立体匹配、深度估计、深度补全等）的高质量数据集构建，算法设计、开发和调优。2、自主研读相关领域文献，寻找解决需求问题的方法。结合实际业务场景进行算法迭代，提升算法实时性和鲁棒性，评估对比其他主流深度感知方案的性能。3、集成深度估计算法，基于感知深度实现各类视觉应用（如人脸识别、实例分割、三维建模等）。任职资格：1、具备三年以上工作经验，硕士及以上学历，计算机、电子信息...,智能硬件,http://jobs.zhaopin.com/CCL1419449290J40774837809.htm,20-99人,2026-01-10 00:04:01
人工智能项目经理,北京,昀通(天津)人力资源服务有限公司,EMBA,3-5年,GOLANG偏后端岗,3.5-5万,岗位名称：人工智能方案的产品经理1，负责人工智能专业方向的校企合作专业共建整体方案的制定，对方案竞争力与可实现性，经营效果与品牌质量负责。包含人才培方案，以及基于校方特点与需求的其它模块的整合设计(如实训室模块，1+x技能相关模块等);2，负责人工智能专业方向的人才培养方案的制定，对最终教岗位主要职 学成果负责。包含就业方向规划，课程体系方案，实训项目方责使命案，以及实训室或实训基地建设方案等；3...,人力资源服务,http://jobs.zhaopin.com/CC715584580J40786225616.htm,1000-9999人,2026-01-08 13:05:35
人工智能及大模型算法工程师(OCR方向),北京,京北方,博士,3-5年,"图像识别产品,Transformer,OpenCV,Python,Java,OCR",2.5-5万,"岗位职责：进行图像领域人工智能和大模型算法的应用研究设计并实现高效的机器学习模型和深度学习架构优化现有算法,提高模型性能和效率参与制定技术路线图,推动AI技术的创新和应用与跨职能团队合作,将AI解决方案集成到公司产品中进行专利申请任职要求：具有985、211上半区大学，计算机科学、人工智能、机器学习或相关领域的本科、硕士、博士学位深厚的机器学习和深度学习理论基础熟练掌握Python、PyTorch...",IT服务,http://jobs.zhaopin.com/CC315847110J40820858007.htm,10000人以上,2026-01-05 13:34:32
AI 图编译器工程师,北京,象帝先计算技术(重庆)有限公司成都分公司,本科,3-5年,"C++,LLVM,MLIR",2.5-5万·16薪,岗位职责：1. 负责开发图编译器，对接使能各个模型；2. 负责图优化；3. 负责开发组内各种工具和其他工作；任职要求：1. 具备丰富的C++开发经验，熟悉基本的数据结构和算法；2. 熟悉LLVM和MLIR相关知识；3. 具备一定的AI基础知识；4. 良好的问题解决能力与团队沟通能力。,电子/半导体/集成电路,http://jobs.zhaopin.com/CCL1311940980J40943648404.htm,500-999人,2026-01-04 15:37:55
控制算法工程师(J12154),北京,明阳智慧能源集团股份公司,本科,经验不限,"风电,漂浮式,控制算法",面议,岗位职责:1.负责完成国际业务机型控制算法开发工作，产品开发、部署、维护、升级； 2.编写需求分析、详细设计、内部测试等文档； 3.完成领导分配的其它开发工作，对其他团队提供算法开发技术支持。任职要求:1.本科及以上学历，英语听说读写良好，电力自动化、自动化，电气工程，电力电子，控制工程等专业； 2.两年以上工作经验，对自动控制系统的PID算法、MPC、LQR、模糊、最优控制等算法有一定了解者； ...,新能源,http://jobs.zhaopin.com/CC247926520J40737691906.htm,10000人以上,2025-12-29 00:41:42
AI部署工具开发工程师,北京,进迭时空(杭州)科技有限公司,本科,1-3年,,2.5-5万,岗位职责： 负责进迭时空AI部署工具OnnxRuntime基于riscv平台的开发 负责相关量化工具，模型转换工具的开发。 职位要求： 计算机、电子工程及相关专业本科及以上学历； 熟悉C/C++； 了解常见计算机体系结构不限于CPU、GPU等； AI领域工作经验2年以上，熟悉神经网络、机器视觉算法原理； 熟悉神经网络推理库，不限于NCNN，MNN，OnnxRuntime等； 具有模型量化，模型转换...,电子/半导体/集成电路,http://jobs.zhaopin.com/CCL1378359190J40778252207.htm,100-299人,2025-12-26 11:41:14
AI Framework工程师,北京,象帝先计算技术(重庆)有限公司成都分公司,本科,3-5年,AI架构,2.5-5万·16薪,"岗位职责：1. 基于高性能算子库和AI编译器，对接各个AI开源框架；2. 负责使能模型业务；3. 负责其他与AI框架相关的开发工作；任职要求：1. 具备丰富的C++开发经验，熟悉基本的数据结构和算法；2. 熟悉常见的AI框架，比如tensorflow,pytorch，vllm等；3. 具备相关AI框架的开发经验优先；4. 良好的问题解决能力与团队沟通能力。",电子/半导体/集成电路,http://jobs.zhaopin.com/CCL1311940980J40942004404.htm,500-999人,2026-01-04 15:37:53
算法工程师-26届,北京,国能日新科技股份有限公司,博士,经验不限,"控制系统,数学,微电子",2.5-5万,1、计算机、自动化、应用数学或能源相关专业，硕士及以上学历2、熟练掌握常用人工智能算法实现编程语言3、熟练使用常用的统计方法、优化算法、机器学习方法、深度学习算法4、较好的沟通能力，能够熟练阅读英文文献，为人诚恳踏实，动手能力强5、富有创新精神和技术追求，熟悉人工智能技术新进展及行业应用最新情况，并具备持续跟踪和学习能力6、严谨细致，有责任心和上进心，具备良好的沟通能力及团队协作能力工作职责1、负...,电力/水利/热力/燃气,http://jobs.zhaopin.com/CC199554110J40809032202.htm,500-999人,2025-12-23 11:26:33
大模型算法研发工程师（高级工程师及以上）,北京,某大型国企公司,硕士,5-10年,,2.5-5万,工作职责1.主导基座大模型的预训练技术攻关，负责创新性模型架构设计、大规模训练稳定性优化及多模态融合预训练的前沿探索，制定技术路线并推动落地；2.负责大模型核心能力体系的构建与突破性提升，主导推理能力、知识注入等关键方向的技术方案设计与效果验证；3.探索大模型与强化学习、计算机视觉等前沿技术的跨领域融合创新，主导相关研发项目的技术决策与方案实施，打造差异化技术优势；4.牵头撰写高水平技术论文与专利...,互联网,http://jobs.zhaopin.com/CCL1318355140J40864136503.htm,500-999人,2025-12-23 01:06:46
AI 算子工程师,北京,象帝先计算技术(重庆)有限公司成都分公司,本科,3-5年,"深度学习,算子开发",2.5-5万·16薪,岗位职责：1.基于硬件特性开发高性能算子库；2.完成框架适配与集成，确保兼容性与稳定性；3.完成持续的性能分析与优化，提升算子执行速度与资源利用率；任职要求：1. 具备一定的C++开发经验，熟悉基本的数据结构和算法；2. 具有异构编程的相关经验；3. 具备算子开发经验优先；4. 具备opencl，cuda以及其他NPU开发经验；5. 良好的问题解决能力与团队沟通能力。,电子/半导体/集成电路,http://jobs.zhaopin.com/CCL1311940980J40942001904.htm,500-999人,2026-01-04 15:37:52
算法负责人,北京,北京爱创科技股份有限公司,硕士,5-10年,"深度学习,图像算法,大模型算法,GPT,DEEPSEEK,Transformer,自然语言处理,机器视觉,OpenCV,TensorFlow,二维码识别,图像识别",3-5万,"岗位职责:1、带领团队完成公司战略在大模型应用侧的落地,完成大模型LLM技术在药品行业、快消行业产品核心技术攻坚与落地；2、主导药品行业、快消行业大模型的研发和应用,深入挖掘垂直行业、开源以及行业海量数据,构建行业知识库；3、研究前沿大模型训练和优化方法,结合药品行业、快消行业特性打造可控的行业大模型;4、开发药品行业、快消行业领域前沿的技术产品,提升生产、溯源、营销场景的产品功能和效率，提升算法...",计算机软件,http://jobs.zhaopin.com/CC137326570J40824487314.htm,300-499人,2025-12-22 10:42:39
人工智能平台架构师,北京,某大型国企公司,硕士,5-10年,,2.5-5万,工作职责1.负责人工智能平台（包括智能中台、智能体平台及MaaS平台等）的整体架构设计、技术规划和技术选型、实施落地等；2.主导平台的需求分析、总体设计和技术细节把控，确保技术架构能够满足大规模分布式AI计算在并发、吞吐、延时、安全和稳定性方面的需求；3.负责AI平台的可扩展性、高可用性与安全性设计，平台的日常运行维护、技术攻关和疑难问题分析定位，保障平台持续高效稳定运行；4.跟踪业界先进的AI平...,互联网,http://jobs.zhaopin.com/CCL1318355140J40864136203.htm,500-999人,2025-12-23 01:06:46
Agent工程化专家(047217),北京,歌尔股份,本科,5-10年,AGENT工程化,3-5万,"岗位职责:1、Agent架构设计与开发负责企业级Agent开发框架（感知-规划-执行-反思）的设计与核心代码实现，融合Agent设计模式，为AI应用开发团队提供可复用开发框架。2、工程化基础设施建设负责Agent“可观测、可评估""体系建设；从""Agent应用、网关、大模型推理""实现端到端全链路追踪；利用LLM-as-a-Judge或规则引擎，建立对Agent规划能力、工具调用准确率的自动化测试与回...",电子/半导体/集成电路,http://jobs.zhaopin.com/CC132726540J40741978606.htm,10000人以上,2025-12-17 09:59:00
驻场算法工程师,北京,北京可利邦信息技术股份有限公司,本科,5-10年,"阿里百炼,大模型,PAI",3-5万,PS：驻场佛山，工作地点在佛山。职位描述：1、为企业级客户AI智算大模型项目，提供服务支撑，包括但不限于工程方案设计、模型训练与调优、模型效果评估、code review、模型部署与运维、Prompt工程等工作；2、负责 PAI、PAI灵骏以及百炼等大模型训练平台的企业级客户技术支持，对接云上客户的多元化场景问题，聚焦大模型训练、部署环境、推理效率以及定制化链路集成等技术深度，负责疑难问题的快速定...,互联网,http://jobs.zhaopin.com/CC378282510J40825907910.htm,100-299人,2025-12-11 16:34:13
智身智能高级工程师,北京,浪潮集团,博士,5-10年,"机器学习,机器视觉,智能驾驶",2.5-5万,岗位职责：1. 负责智身智能产品的设计开发，进行系统架构规划和模块设计。2. 参与项目需求分析，制定技术方案，完成技术选型。3. 负责智能算法的研究与优化，提高产品智能化水平。4. 负责编写技术文档，确保开发过程的可追溯性和可维护性。5. 支持产品测试及问题定位，协助产品团队进行产品优化。岗位要求：1. 计算机科学与技术、人工智能等相关专业。2. 具备5年以上智身智能领域工作经验。3. 熟悉智能算...,IT服务,http://jobs.zhaopin.com/CC120143600J40909629015.htm,10000人以上,2025-12-11 11:06:52
高级图像算法工程师,北京,北京好人好事人力资源有限公司,本科,5-10年,"图像识别产品,Python,C++,图像识别、图像分割、缺陷检测,OpenCV",2.5-5万·16薪,岗位职责：1、负责完成视觉/工业相机软件模块的设计、开发；2、负责缺陷检测/目标检测/相机畸变矫正/图像分类/定位/测距等算法模块的优化及实现；3、参与深度学习缺陷检测软件平台搭建；4、负责视觉硬件系统集成，测试。 任职要求：1、本科及以上学历，计算机、自动化、图像处理、 模式识别、 机器视觉等相关专业，5年以上相关工作经验；2、熟练掌握C/C++（MFC）编程，熟悉python，熟悉常用图像处理...,人力资源服务,http://jobs.zhaopin.com/CC890014030J40684044514.htm,100-299人,2025-12-10 18:32:56
算法工程师,北京,北京宇石空间航天科技有限公司,硕士,3-5年,"深度学习,机器学习",2.5-5万,(1) 学历与专业：统招硕士及以上学历，控制理论与控制工程、自动化、机器人学、机械电子工程、航空航天工程等相关专业，具备扎实的控制理论基础（如 PID 控制、自适应控制、鲁棒控制、最优控制等），熟悉机械臂动力学与运动学建模(2) 核心技术能力：• 精通机械臂控制算法设计；• 具备机械臂与火箭交互过程中的力控算法研发能力；• 熟悉多传感器融合控制技术；• 熟练使用控制算法开发与仿真工具（如 MATL...,船舶/航空/航天/火车制造,http://jobs.zhaopin.com/CCL1486085580J40815469205.htm,20-99人,2025-12-09 16:55:20
agent工程师,北京,厦门贤士达信息咨询有限公司,本科,1-3年,"Python,AI AGENT,RAG,报告生成智能体",3-5万·14薪,岗位职责：1、AI Agent 系统设计与开发，基于大语言模型（LLM）设计并实现智能 Agent 系统，支持任务规划、多轮对话、目标驱动等功能。2、使用 LangChain、Dify 等框架构建 Agent 逻辑，完成知识库集成、工具调用、上下文管理等核心模块开发。任职要求：1、计算机、人工智能相关专业本科及以上学历，2 年以上 AI 应用开发经验。有 AI Agent、对话系统（如 Chatb...,人力资源服务,http://jobs.zhaopin.com/CC416345810J40817548909.htm,20-99人,2025-12-08 16:28:21
多模态大模型算法专家,北京,软通动力信息技术(集团)股份有限公司,本科,5-10年,"生物制药,算法专家,AI FOR SCIENCE",3-5万,岗位面向AI4S公司战略级业务，负责多模态大模型算法方向，参与AI应用开发和应用产品的算法研发。可以base北京or上海or广州，首席AI官直管，团队人才密度高，晋升空间大，薪资福利待遇有竞争力。工作职责：1、多模态数据建设：构建Data-Centric工作机制，探索提升多模柜台数据质量的路径，协同业务团队建设AI4S前沿的多模态训练数据集。2、多模态算法研发：根据业务目标，对多模态长文档理解以及...,互联网,http://jobs.zhaopin.com/CC000544460J40779455716.htm,10000人以上,2025-12-08 14:48:38
工业多模态大模型算法工程师,北京,浪潮集团,硕士,3-5年,"强化学习 ,多模态算法,大模型算法",2.5-5万,岗位职责负责工业领域多模态大模型的算法设计、训练优化与工程化落地，重点解决CAD等三维数据、工业时序数据的语义对齐问题构建工业多模态数据集，涵盖CAD图纸、三维模型、工艺参数、时序监测数据等，实现多源异构数据的高质量对齐研发工业场景下的多模态融合技术，包括但不限于三维几何表示、CAD-图像-文本对齐、跨模态检索等设计并实现工业大模型在智能设计、故障诊断、风险预测等场景的应用方案与产品、工程团队紧密...,IT服务,http://jobs.zhaopin.com/CC120143600J40903449515.htm,10000人以上,2025-12-04 09:31:06
AI算法工程师(J14411),北京,易车公司,本科,经验不限,大模型算法,3-5万,岗位职责:1、基于大模型和多模态技术开发智能产品功能；2、维护和优化已建成应用平台的AI能力；3、针对汽车营销领域，设计和实现文案生成能力；4、开发数字人视频、文生视频及图生视频相关的AI能力；5、根据客户需求进行个性化AI模型开发与适配；6、协同团队完成产品技术方案的制定与实施；7、持续跟踪前沿AI技术，推动技术创新与应用落地。任职要求:1、熟悉大模型及多模态技术，有相关项目经验；2、具备深度学...,互联网,http://jobs.zhaopin.com/CC136211330J40860437603.htm,1000-9999人,2025-12-02 15:46:10
神经解码算法工程师/研究员,北京,和泽启元(北京)科技有限公司,博士,3-5年,,4-5万,岗位职责算法研发与优化设计并开发基于机器学习/深度学习的神经信号解码算法（如EEG、fNIRS、ECoG、单神经元记录等），实现运动意图、语言、感知等脑功能的实时解码。优化现有算法（如SVM、CNN、RNN、Transformer等）在低信噪比神经数据上的性能，提升解码准确率与鲁棒性。探索新型神经编码模型，结合生成式AI（如扩散模型、VAE）或强化学习，提升脑机接口（BCI）系统的自适应能力。数据...,医疗设备/器械,http://jobs.zhaopin.com/CCL1463728850J40776944216.htm,20-99人,2025-11-28 09:10:29
无线通信算法工程师,北京,北京通广龙电子科技有限公司,硕士,3-5年,MATLAB,2.5-5万·15薪,工作职责： 1、研究无线通信中信号传输和信号处理的关键算法，并完成无线通信链路的物理层仿真与测试； 2、完成算法的浮点、定点仿真，并配合算法实现与测试。 任职要求： 1、数学、通信类、电子类、计算机类、自动化等相关专业硕士及以上学历； 2、精通数字通信和数字信号处理基础理论； 3、熟练掌握C/matlab等编程语言； 4、有同步捕获、FFT、信道估计、均衡、信道编解码（含RS、卷积码、TURBO、...,运营商/增值服务,http://jobs.zhaopin.com/CC120217580J40049327809.htm,100-299人,2025-11-27 17:37:15
算法工程师,北京,中科九微控股集团有限公司,本科,3-5年,,2.5-5万,岗位职责：1、负责产品中磁轴承控制、多自由度控制、调压阀门等控制算法的软件设计开发、建模仿真；2、负责调压算法中自学习、多变量、高精度控制算法的实现，优化等；3、对智能磁轴承控制、多自由度控制、调压阀门算法攻关或产品在市场端验证中遇到的关键技术问题负责，主持或推动相关问题的及时处理和彻底闭环；4、对产品应用行业工艺进行研究、建模、分析根本机理及结合自动控制相关算法进行优化。5、完成交办的其他任务。...,电子/半导体/集成电路,http://jobs.zhaopin.com/CCL1390734020J40825558414.htm,1000-9999人,2025-11-27 14:39:30
高性能计算工程师,北京,进迭时空(杭州)科技有限公司,本科,1-3年,,2.5-5万,职位描述：1. 研发方向：参与公司AI CPU（同构融合计算）芯片在计算领域的前沿研发，涵盖算子、框架的设计和开发2. 技术支持：为公司个业务场景提供技术支持，推动同构融合计算技术在实际产品中的应用和落地3. 团队协作：与硬件、算法、方案团队紧密合作，共同解决技术难题，持续优化产品性能和效率 岗位职责：1. AI算子库优化: 使用RISCV指令集及AI指令集对相关算子库进行优化2. AI slim...,电子/半导体/集成电路,http://jobs.zhaopin.com/CCL1378359190J40778256307.htm,100-299人,2025-11-26 17:45:55
物理算法工程师,北京,纳米维景,硕士,1-3年,CT,2.5-5万,岗位职责：1、负责相控阵CT成像物理模型的设计、算法预研、仿真等工作，对仿真结果进行测试评估，持续模型优化；2、负责投影数据的预处理和校正，包括滤过、散射、硬化等；3、分析图像问题，消除图像伪影、优化图像质量；4、完成领导安排的其他工作； 任职资格： 1、物理学、数学、计算机科学等相关专业硕士及以上学历；2、有扎实的数学和物理基础，尤其是X射线的产生、传播与探测过程；3、熟悉X射线散射的仿真或试验...,医疗设备/器械,http://jobs.zhaopin.com/CC655442320J40860681702.htm,100-299人,2025-11-26 10:24:17
商务智能 (人工智能/数据工程师) ID196308,北京,梅赛德斯一奔驰(中国)投资有限公司,本科,5-10年,数据,面议,"Business Intelligence (AI / Data Engineer) 商务智能 (人工智能/数据工程师)Objective of job Build comprehensive datasets and maintain relevant pipelines that enable advanced analytics, dashboards, and reporting for ...",汽车研发/制造,http://jobs.zhaopin.com/CC000614620J40729475406.htm,1000-9999人,2025-11-25 15:39:28
高性能计算工程师-分布式计算,北京,进迭时空(杭州)科技有限公司,本科,3-5年,,2.5-5万,职位描述：1.研发方向：参与公司多芯片推理平台的搭建2.技术支持：为公司个业务场景提供技术支持，推动同构融合计算技术在实际产品中的应用和落地3.团队协作：与硬件、算法、方案团队紧密合作，共同解决技术难题，持续优化产品性能和效率岗位职责：1.高性能通信库研发: 基于OpenMPI，集合公司芯片特点，优化高性能通信库2.多芯片平台搭建：负责AI算在在多die互联的芯片平台上，进行高效推理3.硬件架构调...,电子/半导体/集成电路,http://jobs.zhaopin.com/CCL1378359190J40778251207.htm,100-299人,2025-11-26 17:45:36
大语言模型（LLM）算法工程师,北京,山东冠华电气有限公司,硕士,3-5年,"文本理解与推理,指令遵循与任务规划,文本交互与场景适配,AGENTGYM,PyTorch,TensorFlow,4B-8B参数级LLM,Python",4-5万,岗位职责： 1.模型开发与训练： 负责从0到1构建、训练和优化机器学习/深度学习模型，解决具体的业务问题，包括但不限于：高质量文本分类模型的开发，如报告质量评估；大型语言模型的专项微调与优化，以在特定任务和环境中达到极致性能。 2.端到端项目交付： 独立或协同完成整个项目生命周期，包括需求理解、数据预处理、模型开发、模型训练与迭代、性能评估、模型部署上线以及技术文档编写。 3.算法研究与创新： 跟...,电力/水利/热力/燃气,http://jobs.zhaopin.com/CC464904480J40897928708.htm,300-499人,2025-11-25 08:48:06
AI研发岗-北京,北京,国科恒泰(北京)医疗科技股份有限公司,本科,10年以上,"大模型算法,AGENT,搜索/推荐算法,Python,PyTorch",3-5万,岗位职责：1，负责AI领域前沿技术（大模型、Agent、多模态等）的跟踪研究，评估其在业务场景中的应用潜力，制定技术路线图并推动创新落地。2，主导基础大模型（如Qwen3、DeepSeek、GPT等）的选型、微调、压缩及优化工作，构建垂直行业定制化模型，确保模型性能与业务需求高度匹配。3，规划并实施端到端AI系统架构，涵盖需求分析、核心算法开发、服务化封装及部署上线，保障系统的高并发、低延迟和可扩...,医疗设备/器械,http://jobs.zhaopin.com/CC547608320J40902163008.htm,1000-9999人,2025-11-24 10:54:23
算法专家-图数据库搭建和图谱算法方向 (MJ001132),北京,零氪信息技术(北京)有限公司,硕士,5-10年,"大模型算法,知识图谱,Neo4j,TIGERGRAPH",3.5-5万·13薪,主要职责1. 医疗知识图谱构建与建模： 参与设计符合医疗业务逻辑的知识图谱本体与Schema，涵盖疾病、药品、手术、症状、检查等核心医学概念及其复杂关系。 · 负责从异构医疗数据源（如结构化EMR、临床文书、医学文献PDF/XML、公共数据库）中抽取、清洗和融合医学知识。2. 图数据库平台与医疗数据服务：负责医疗图数据库（如Neo4j，TigerGraph等）的部署、性能调优与运维，确保符合医疗数...,互联网,http://jobs.zhaopin.com/CC273511830J40810534707.htm,500-999人,2025-11-19 14:57:58
雷达系统工程师,北京,深圳市塞防科技有限公司,硕士,5-10年,"雷达信号处理,雷达系统,无线电系统",2.5-5万·15薪,工作职责：1、负责雷达系统的设计、开发，以及整合和优化工作。2、对系统进行技术分析和评估，确定设计方案，并编制技术文档。3、根据系统需求，实施硬件和软件的设计、编码、调试和验证工作。4、负责雷达系统的维护，进行问题排查和故障处理，持续进行系统优化。5、负责项目管理，协调资源，确保项目的研发进度和质量要求。6、与客户、供应商和内部团队进行协商和沟通，以确保项目的顺利进行。任职要求：1、电子工程、电子...,智能硬件,http://jobs.zhaopin.com/CCL1474860650J40569198012.htm,100-299人,2025-11-19 14:52:35
大模型高级算法工程师（心电方向）,北京,北京百洋家健康管理有限公司,硕士,3-5年,"Python,C++,PyTorch,TensorFlow",4-5万,岗位职责1、心电算法研发：负责心电信号滤波、特征检测（如R波识别、ST段分析等）核心算法的设计与优化；2、大模型应用开发：利用Transformer等大模型技术开发心电分析软件，提升诊断准确率和自动化水平；3、注册技术支持：为心电算法软件的医疗器械注册提供技术支持，确保符合CFDA/NMPA等监管要求；4、算法维护升级：持续优化现有心电分析算法，提升系统性能和稳定性；5、跨部门协作：与硬件团队、临...,卫生服务,http://jobs.zhaopin.com/CCL1491705090J40809564409.htm,20-99人,2025-11-14 09:35:31
AI蛋白模型训练,北京,山西锦波生物医药股份有限公司,博士,1-3年,AI蛋白模型训练,2.5-5万,职责：负责生物材料方面模型的部署测试和迁移学习；负责生物材料模型设计开发、训练与微调；负责经典算法在图像和数据处理方面的开发。要求：1. 生物信息学、计算生物学、计算机相关专业硕士学历，具备5 年以上相关领域算法开发经验；博士学历具备2年以上相关领域算法开发经验；2. 精通生物图像处理工具（如ImageJ、OpenCV）及深度学习框架（如PyTorch、TensorFlow）；3. 熟悉至少一种生...,医药制造,http://jobs.zhaopin.com/CC295975780J40809044807.htm,100-299人,2025-11-13 16:41:05
雷达信号处理算法工程师,北京,深圳市塞防科技有限公司,本科,3-5年,"导航算法,信号处理,目标检查,目标跟踪,C语言,毫米波雷达",2.5-5万·15薪,岗位描述：1.负责雷达系统算法设计与开发，完成算法仿真、验证及性能评估；2.负责与软硬件工程师协调，指导完成算法移植、问题分析、算法优化；3.配合完成系统集成、联调联试、外场试验以及技术支持工作，分析并解决项目开发中出现的信号处理相关问题；4.负责相关算法知识产权工作，撰写相关设计文档岗位要求：1.电子工程、通信、信号处理、自动化等相关专业方向，硕士及以上学历；2.精通信号处理的基本理论和算法，包...,智能硬件,http://jobs.zhaopin.com/CCL1474860650J40559585912.htm,100-299人,2025-11-19 14:50:50
ocr算法专家（博士）,北京,京北方,博士,经验不限,"图像算法,手写体",3-5万·14薪,"多个方向博士岗位（大数据、数据分析、人工智能、多模态、自然语言处理、大模型算法、隐私计算等）岗位职责：进行人工智能和大模型算法的应用研究设计并实现高效的机器学习模型和深度学习架构优化现有算法,提高模型性能和效率参与制定技术路线图,推动AI技术的创新和应用与跨职能团队合作,将AI解决方案集成到公司产品中进行专利申请任职要求：深厚的机器学习和深度学习理论基础熟练掌握Python、PyTorch或Ten...",IT服务,http://jobs.zhaopin.com/CC315847110J40804196807.htm,10000人以上,2025-11-13 15:17:49
模型训练（生物医学图像及蛋白设计优化）,北京,山西锦波生物医药股份有限公司,博士,1-3年,AI蛋白模型训练,2.5-5万,职责：负责生物材料方面模型的部署测试和迁移学习；负责生物材料模型设计开发、训练与微调；负责经典算法在图像和数据处理方面的开发。要求：1. 生物信息学、计算生物学、计算机相关专业硕士学历，具备5 年以上相关领域算法开发经验；博士学历具备2年以上相关领域算法开发经验；2. 精通生物图像处理工具（如ImageJ、OpenCV）及深度学习框架（如PyTorch、TensorFlow）；3. 熟悉至少一种生...,医药制造,http://jobs.zhaopin.com/CC295975780J40809044407.htm,100-299人,2025-11-13 16:39:52
AI人工智能-销售主管（全球独角兽+期权）,北京,探迹科技,大专,1-3年,"企业客户,面销/陌拜,电话销售",2.5-5万,【工作职责】1、1+10销售团队编制，激活销售团队，赋能团队成员成长，陪访杀单;2、制定销售目标，并带领、监督、检查、指导销售团队执行目标计划、策略、行动方案，确保能完成制定的目标;3、在销售人员有需要时作为管理层要积极活跃地参与、支持、帮助销售人员与客户进行重要的或者有难度的业务洽谈、达成合作、实现成单:4、提升团队士气，活跃团队氛围。【岗位要求】1、大专及以上学历，具有3年以上电话邀约+拜访的...,互联网,http://jobs.zhaopin.com/CC406882580J40853375402.htm,1000-9999人,2025-11-10 17:25:56
能源柔性调控算法工程师,北京,中瑞恒(北京)科技有限公司,博士,经验不限,"柔性调控,智慧能源",2.5-5万,企业已设立国家级博士后科研工作站，并已与清华大学、北京大学及北京科技大学等博士后流动站合作，开展博士后联合培养。【岗位职责】1、负责带领团队开展公司智慧能源领域时序预测、图像识别、音频识别、大模型等核心AI技术研究和攻关工作，规划并形成公司的行业解决方案；2、负责研究智慧能源、智慧建筑等核心业务方向的AI智控、垂直行业大模型应用、智能体技术应用等技术。【任职要求】1、计算机、统计学、机器学习等相关...,建筑设备安装,http://jobs.zhaopin.com/CC243841010J40804640701.htm,100-299人,2025-11-10 17:22:08
研发工程师,北京,碧水源,硕士,3-5年,"人工神经网络,Transformer,PyTorch,Python,机器学习,AI建模,需求对接",2.8-5万,岗位职责：1、AI技术赋能膜材料研发：基于机器学习/深度学习方法，挖掘膜材料的成分、制备工艺参数与关键性能指标之间的关联规律，构建材料性能预测模型；通过AI辅助加速高性能膜材料的定向开发等。2、AI驱动膜产品性能优化：针对膜组件（如卷式膜、中空纤维膜等）的结构设计（流道设计、孔隙分布、膜堆叠方式等），利用计算流体力学（CFD）仿真数据与AI结合，建立产品性能预测模型，指导产品结构参数优化。3、AI...,环保,http://jobs.zhaopin.com/CC136675650J40854196203.htm,1000-9999人,2025-11-07 16:26:49
高级图像算法工程师,北京,北京历正科技有限责任公司,本科,5-10年,"图像识别产品,人脸识别产品,OpenCV,PyTorch,C++,Python,TensorFlow",3-5万·13薪,岗位职责：1、设计、实现、训练和优化深度学习模型2、分析和改善模型的性能和速度3、编写产品级别的 Python/C 代码任职要求：1、本科以上学历，数学、计算机等相关专业，深厚的机器学习理论和算法背景2、5年以上的机器学习模型设计、训练和优化经验3、熟练掌握C/C++，golang，Java中的至少一种，具备扎实的编程功底和良好的编码风格2、熟练掌握 PyTorch 或 TensorFlow、Tr...,通信/网络设备,http://jobs.zhaopin.com/CC662918130J40731088006.htm,100-299人,2025-11-05 14:53:31
人工智能与嵌入式开发工程师,北京,北京安捷工程咨询有限公司,博士,无经验,Python,3.5-5万,主要职责： 1、负责人工智能算法在嵌入式平台上的优化与实现。 2、参与嵌入式系统的架构设计、硬件选型与软件开发。 3、开发并测试基于AI的嵌入式应用，确保系统性能与稳定性。 4、与跨部门团队合作，推动项目从概念到量产的全过程。 5、持续跟踪行业动态，引入新技术，提升产品竞争力。 教育背景：计算机科学、电子工程、自动化或相关领域硕士及以上学历。 技能要求： 1、有良好的人工智能基础，了解至少一种深度...,工程施工,http://jobs.zhaopin.com/CC187003720J40801864211.htm,100-299人,2025-11-04 17:55:03
AI大模型应用研发工程师,北京,北京市盈科律师事务所,本科,3-5年,,2.5-5万·13薪,职责描述：1. 负责大模型技术在核心业务场景的落地应用，0到1设计A解决方案，重塑用户体验与业务流程；2. 主导大模型应用架构设计，包括但不限于Prompt工程、Agent系统开发、模型微调、分布式推理优化等关键技术突破；3. 深入理解业务场景与用户痛点，将LLM、多模态等前沿技术与业务需求深度结合，打造差异化智能产品；4. 构建大模型应用评估体系，持续优化效果、性能及成本指标，建立可复用的技术资...,咨询服务,http://jobs.zhaopin.com/CC147727150J40900239415.htm,1000-9999人,2025-11-03 16:11:32
人工智能架构师,北京,北京融通智慧科技集团有限公司,本科,5-10年,"Java,C#,大数据架构",3-5万,岗位职责：1.负责梳理人工智能业务需求，转换为对应技术方案，向算法工程师、、开发工程师递清晰的业务目标和指标，并结合各专业业务场景变化和用户反馈推动 AI 技术方案迭代；2.负责设计 解决方案的业务逻辑：基于业务需求设计 AI 方案的业务逻辑框架：明确输入（如业务数据、人工规则）、模型的作用（如分类、预测、生成）、输出（如决策建议、自动化动作）；3.负责选择合适技术架构，主导关键技术选型论证，包含...,互联网,http://jobs.zhaopin.com/CC437673980J40803897509.htm,100-299人,2025-10-30 15:38:00
AI系统研发工程师,北京,南方新华,本科,3-5年,"深度学习,Transformer,PyTorch,TensorFlow,智能驾驶,C++,Python,机器学习,机器学习模型训练、算法优化及运用,自然语言处理、计算机视觉",3-5万,职位描述：*负责智能AI系统的研发，包括机器学习模型训练、算法优化及应用开发。*熟悉深度学习框架（如TensorFlow、PyTorch等），具备自然语言处理、计算机视觉等领域的应用经验。*具备良好的团队合作精神和沟通能力，能够与其他团队成员紧密协作。*有华为、小米等知名企业工作经验者优先。,人力资源服务,http://jobs.zhaopin.com/CC346219280J40764057511.htm,100-299人,2025-10-27 14:18:43
多模态大模型算法负责人,北京,中视天合信息科技有限公司,硕士,5-10年,"深度学习,图像算法,多模态算法",面议,岗位职责：1. 负责多模态大模型（涵盖十亿、百亿、千亿级参数）的整体技术方向与发展战略制定，规划长期发展路线图，确保技术竞争力；2. 领导团队开展多模态大模型的研发全流程工作包括但不限于：SFT、RL训练、prompt工程，推动模型评估、推理优化模型压缩等技术攻关，调研业界前沿大模型，探索创新应用；3. 负责涉及数据处理、模型训练、部署及优化的完整技术体系建设；4. 领导算法团队，进行技术指导、工...,人工智能,http://jobs.zhaopin.com/CCL1492648310J40888219508.htm,100-299人,2025-10-21 09:53:40
算法工程师（大模型）,北京,北京融通智慧科技集团有限公司,本科,5-10年,"图像算法,多模态算法,大模型算法",3-5万,岗位职责负责公司业务（基建、电力领域）业务的大模型的应用的整体规划，具体包含：1. 大模型技术落地应用a.主导大模型在基建、电力领域的智能问答、数据查询（问数）及流程自动化场景落地。b.推动大模型在视频 / 图像目标识别场景的应用，通过模型训练、微调、量化压缩、结构裁剪等技术手段，提升模型推理效率与准确性，优化目标识别精度。c.结合行业数据特点与业务需求，设计技术方案并验证可行性，解决落地过程中的...,互联网,http://jobs.zhaopin.com/CC437673980J40803892309.htm,100-299人,2025-10-30 15:31:21
大模型应用开发,北京,中国运载火箭技术研究院,博士,5-10年,"深度学习,机器学习,强化学习 ",3-5万,【岗位职责】1.牵头大模型辅助军事决策的战略规划；2.设计超大规模实时决策的混合架构，实现大模型在复杂军事决策场景中关键技术实现；3.挖掘大模型在军事决策领域高价值场景，主导制定行业技术标准。【任职要求】1.有3年以上大模型决策应用经验，2年以上头部科技企业/顶尖实验室技术负责人经历，有大模型训练调优经验，主持过国家级重点研发技术，或具有大型系统研制经验；2.精通Python/Tensorflow...,学术/科研,http://jobs.zhaopin.com/CC133192440J40825271408.htm,10000人以上,2025-10-16 10:13:21
广告算法工程师,北京,北京遥领医疗科技有限公司,本科,3-5年,"机器学习,搜索/推荐算法",3-5万,【岗位职责】1.负责ctr、cvr、投放回收情况的实时预估；2.负责将素材各种标签作为特征进入算法模型，提升投放平台的投放效果；3.负责广告机制的研究，广告转化和变现效果的优化。【任职要求】1.本科及以上学历，计算机、统计学、数学等相关专业；2.熟悉深度学习，数据挖掘的相关算法，编程基础扎实，熟悉常用的深度学习框架；3.在在线广告相关领域内有丰富的算法经验；4.优秀的沟通能力，有创新精神，乐于接受...,卫生服务,http://jobs.zhaopin.com/CC487913730J40789731709.htm,20-99人,2025-09-24 18:53:51
大模型算法工程师,北京,北京融通智慧科技集团有限公司,本科,经验不限,"图像算法,TensorFlow,PyTorch,MXNet",2.5-5万,岗位职责: 1. 大模型技术落地应用：负责将大模型技术（如多模态、生成式模型、强化学习）应用于电力垂直领域，设计可规模复制的解决方案。推动大模型在智能客服、自动化流程等场景的工程化落地，提升图像识别准确率，优化模型推理效率与准确性。2. 算法研发与优化：负责图像相关算法的研究，包括但不限于检测、分类、分割、景深估计、虚化渲染、图像增强等，配合团队完成图像处理相关的研发工作；4、主导大模型预训练、微...,互联网,http://jobs.zhaopin.com/CC437673980J40751589409.htm,100-299人,2025-08-28 09:42:08
ai算法工程师,北京,北京海开控股(集团)股份有限公司,本科,3-5年,大模型算法,2.5-5万·14薪,具有3年以上人工智能领域的开发工作经验，有相关项目实践经验者优先1.深入了解地产行业的业务需求，分析需求并建立相应的AI应用场景模型。2.收集和整合房地产数据，对数据进行清洗、规范化和特征工程，为模型训练做好准备。3.选择合适的AI算法和技术，开发并训练AI模型，不断优化模型性能，提高预测准确性。4.将AI系统与业务系统进行集成，参与系统部署与上线，确保AI应用在生产环境中稳定运行。5.持续监控A...,房地产开发,http://jobs.zhaopin.com/CCL1321096600J40759080508.htm,1000-9999人,2025-08-25 10:53:10
红外图像算法工程师,北京,北京国科欣翼科技有限公司,硕士,3-5年,图像识别产品,3-5万·13薪,1. 熟悉红外目标检测与跟踪算法的原理及其工程实现；2. 熟悉红外图像处理处理方法；3. 熟练使用c++、python、matlab等语言；4. 负责实现 FPGA 图像算法；5. 熟悉opencv、gdal等图像处理算法包；6. 具备红外成像、红外特性研究背景者优先。任职条件： 1. 统招硕士及以上学历，计算机图形或者光电工程相关专业。数学，物理功底好者优先； 2. 熟悉计算机图形学的基本理论，...,电子/半导体/集成电路,http://jobs.zhaopin.com/CC631591820J40656723007.htm,100-299人,2025-08-21 00:00:02
算法工程师,北京,北京铭新恒业科技有限公司,硕士,3-5年,"导航算法,矿用产品",3-5万,1、负责磁通传感器信号处理算法的开发；2、与嵌入式软件工程师一同参与系统调试；3、拥有不少于一个关于传感器、信号处理、目标识别或定位算法开发经验；任职要求：1、硕士学历，三年以上传感器算法相关经验，物理、计算数学、信号处理等相关专业；2、具有良好的数学、算法基础和数学建模能力，能熟练阅读英文文献资料；3、精通Matlab进行算法仿真与开发，能够较熟练使用C语言（便于与嵌入式工程师沟通）；4、熟悉数...,船舶/航空/航天/火车制造,http://jobs.zhaopin.com/CCL1462383780J40478849215.htm,20-99人,2025-07-23 00:07:42
元宇宙技术开发专家,北京,中郁教育科技(集团)有限公司,本科,3-5年,自然语言处理,2.5-5万,1. 元宇宙技术开发专家- 负责元宇宙场景搭建，基于3D建模、数字孪生技术构建虚拟空间，推动混合现实（MR）技术融入应用场景；- 优化虚拟环境的交互逻辑，解决实时渲染、多用户协同等技术难题；- 对接区块链技术团队，实现虚拟资产确权、交易等功能落地。2. AI智能算法工程师- 研发适用于业务场景的AI算法，包括自然语言处理、智能决策模型等，支撑智能交互与自主服务；- 优化AI模型的效率与准确性，结合...,学术/科研,http://jobs.zhaopin.com/CCL1355533590J40797602813.htm,100-299人,2025-07-18 14:26:12
图像处理算法工程师,北京,北京国科欣翼科技有限公司,硕士,经验不限,"GDAL,MATLAB,OpenCV,Python,C++",2.5-5万·13薪,1. 熟悉红外目标检测与跟踪算法的原理及其工程实现；2. 熟悉红外图像处理处理方法；3. 熟练使用c++、python、matlab等语言；4. 负责实现 FPGA 图像算法；5. 熟悉opencv、gdal等图像处理算法包；6. 具备红外成像、红外特性研究背景者优先。任职条件： 1. 统招硕士及以上学历，计算机图形或者光电工程相关专业。数学，物理功底好者优先； 2. 熟悉计算机图形学的基本理论，...,电子/半导体/集成电路,http://jobs.zhaopin.com/CC631591820J40588178307.htm,100-299人,2025-08-15 11:30:52
强化学习（决策智能方向）,北京,中国电子科技集团有限公司电子科学研究院,硕士,3-5年,,2.5-5万,【岗位职责】1、算法创新与理论突破-设计面向复杂动态环境的强化学习算法，解决样本效率低、探索-利用权衡、稀疏奖励多目标优化等关键问题。探索基于模型（Model-based RL）、分层强化学习（HRL）、元强化学习逆强化学习（IRL）等前沿方（Meta-RL）、向的技术融合与改进。2、结合大模型技术，研发语言驱动强化学习（Language-guided RL）、世界模型（World Models）...,学术/科研,http://jobs.zhaopin.com/CCL1279414330J40679827206.htm,1000-9999人,2025-07-18 11:50:05
大模型开发工程师（计算研究部）,北京,北京大数据先进技术研究院,硕士,1-3年,,2.5-5万,岗位职责：1. 面向集成电路设计和代码生成等领域，参与领域语料的整理、清洗与标注，负责领域模型微调、检索增强生成等能力构建；2. 面向代码生成、自动测试、芯片生成等领域，负责基于大模型的应用和智能体开发；3. 围绕大模型应用和智能体开发需求，负责配套工具链开发与集成，搭建人机协同工具平台。 任职要求：1. 计算机科学与技术、人工智能、软件工程等相关专业硕士及以上学历；2. 有大模型开发、智能体开发...,云计算/大数据,http://jobs.zhaopin.com/CCL1295287630J40774746807.htm,100-299人,2025-07-17 17:59:41
技术总监（人工智能）,北京,智影微视(北京)网络科技有限公司,本科,5-10年,"流媒体技术,音视频编解码",3-5万,岗位职责：1、全面负责短视频直播相关 APP 项目的技术规划与架构设计，基于丰富的 APP 项目经验，确保系统具备高可用性、高性能和可扩展性。2、带领技术团队完成产品开发与迭代，运用自身深厚的技术背景，解决项目中的技术难题，把控技术方向。3、结合 AI 相关经验，探索并引入人工智能技术在短视频直播领域的创新应用，如视频推荐算法优化、智能内容审核等，提升产品竞争力。4、作为项目经理，制定项目计划，合...,互联网,http://jobs.zhaopin.com/CCL1365084880J40784306012.htm,100-299人,2025-07-17 15:08:09
强化学习（大模型Agent方向）,北京,中国电子科技集团有限公司电子科学研究院,硕士,3-5年,,2.5-5万,【岗位职责】1、设计并实施基于端到端强化学习的Agent模型训练框架，构建Agent模型的行动空间和决策机制，实现端到端优化，优化Agent的推理链路、工具使用和长期规划能力。2、开发适用于垂直领域的强化学习环境和奖励机制，研究自监督和半监督学习方法，减少对标注数据的依赖；3、将Agent技术应用到实际场景，跟踪并应用最新的学术和工业界Agent技术进展。【任职要求】教育背景：计算机科学、人工智能...,学术/科研,http://jobs.zhaopin.com/CCL1279414330J40679831106.htm,1000-9999人,2025-07-18 11:49:19
机器视觉总工程师,北京,北京冶自欧博科技发展有限公司,本科,5-10年,"C++,机器视觉,在线检测,钢铁冶金",2.5-5万·14薪,岗位职责：1.制定公司冶金在线检测产品（测宽/测速测长/测厚/轮廓缺陷检测等）的视觉技术战略；2.主导解决钢铁厂高精度在线检测难题；3.负责核心视觉产品的关键技术决策与架构把关；4.领导视觉算法与工程团队，指导技术攻关；5.推动前沿视觉/深度学习技术在冶金产品的应用升级。任职资格：1.机器视觉/深度学习领域科研背景，本科及以上学历；2.5年以上工业机器视觉经验，成功主导复杂大型在线检测项目落地（钢...,工业自动化,http://jobs.zhaopin.com/CC131463280J40772186207.htm,100-299人,2025-07-12 00:00:02
人工智能高级工程师（销售互联网业务）(A223334),北京,昆仑数智科技有限责任公司,硕士,10年以上,"机器学习,深度学习",4-5万,职位描述：1.打造能源行业销售特色智能分析模型、制定技术方案，设计大规模机器学习和深度学习算法，并将AI技术应用到实际能源销售业务场景中；2.负责人工智能平台的部署、维护和优化，制定和实施AI模型的部署策略，保障模型稳定运行及持续优化，快速解决平台问题；3.负责人工智能模型训练相关的数据处理工作，包括数据爬取、数据增强、数据清洗、数据标注及后处理等，确保训练数据的质量和有效性；4.负责模型训练与调...,IT服务,http://jobs.zhaopin.com/CC000608030J40594355016.htm,1000-9999人,2025-06-24 10:02:02
AI图像算法工程师,北京,北京霍里思特科技有限公司,硕士,1-3年,"信号处理,TensorFlow,机器学习",3-5万·16薪,岗位职责：1．图形图像检测算法研究2．基于图形图像的深度学习识别算法研究3．深度学习模型优化4. 应对工业实际生产进行硬件匹配选型5．配合软件工程师实现产品化6. GPU计算加速算法7. 撰写相关设计文档8. 调研算法开发需求9. 场地支持岗位要求：1．硕士及以上学历2. 计算机或者信号处理或者仪器仪表自动化等专业3. 1-3年工作经验或者博士4. 机器学习、深度学习、图像处理等领域工作或者项目经...,通用设备制造,http://jobs.zhaopin.com/CC292982239J00223080212.htm,100-299人,2025-06-10 00:03:01
高级算法研发工程师,北京,北京中兵数字科技集团有限公司,硕士,经验不限,"NLP,AGENT",3-5万,岗位职责 1、对行业领域的相关时空数据进行挖掘和分析，通过对复杂业务或系统问题进行抽象建模； 2、负责数据驱动的决策优化算法工作，涉及派单、运力调度、路径规划等工作 3、基于业务场景和大数据，研究生产资源运营、资源预测、调度系统的效率提升以及成本下的方法； 4 、基于公司业务场景需求进行NLP、Agent相关研发; 5. 参与前沿算法及量子计算应用的研究。 任职资格 1、运筹学、统计学、数学、计算...,计算机软件,http://jobs.zhaopin.com/CCL1276161630J40735131501.htm,100-299人,2025-05-15 15:28:28
ai算法工程师,北京,北京明兰网络科技有限公司,硕士,经验不限,,2.5-5万,职位描述岗位职责：1. 运用数学分析及工程数学知识解决专业问题2. 应用编程能力进行算法设计与开发3. 研究并应用人工神经网络进行模型训练4. 利用信息论、模式识别等基础知识进行数据分析岗位要求：1. 数学相关专业，硕士及以上学历2. 熟练掌握数学分析、工程数学（矩阵理论/线性代数、概率统计）3. 精通Python等编程语言，具备良好的编程能力4. 具备人工神经网络、信息论、模式识别等基础知识5....,互联网,http://jobs.zhaopin.com/CC179143810J40752241707.htm,20-99人,2025-05-08 16:53:24
高级视觉算法工程师(J10401),北京,中国大恒(集团)有限公司北京图像视觉技术分公司,硕士,3-5年,,2.5-5万,工作职责1、根据公司产品和业务需求，负责机器视觉相关算法的研发、性能优化等；2、负责关键技术的攻关，能够根据任务需求完成关键技术的方案设计、实现和验证；3、能够在已有方案基础上，独立完成优化方案的定制、实现和验证，并达到行业先进水平；4、能够对复杂综合技术方案进行拆解，指导他人完成各个技术点的方案调研、方案制定和实现，并且组织联合验证，保证方案的正确实施，和落地成果的成功转化；5、对软件开发过程中...,计算机硬件,http://jobs.zhaopin.com/CC120188730J40770794612.htm,500-999人,2025-05-08 09:56:11
大模型技术高级专家（财务数据分析方向）(A210302),北京,昆仑数智科技有限责任公司,博士,5-10年,"机器学习,大模型算法,自然语言处理,Python,C++,Java",3-5万,职位描述：（1）负责跟踪人工智能、大模型等前沿技术如DeepSeek框架及算法进行设计、研发、项目建设及解决方案撰写。（2）负责人工智能相关技术在财务、金融领域的应用、包括机器学习、自然语言处理、大模型等AI技术及场景落地。（3）负责人工智能及大模型涉及的构建、应用、管理等平台的设计和开发，包括算法模型构建与设计、算法框架的搭建与实现等。（4）运用AI技术、财务分析规则引擎等工具，构建覆盖全产业链...,IT服务,http://jobs.zhaopin.com/CC000608030J40674693116.htm,1000-9999人,2025-05-06 21:57:43
人工智能高级技术主管,北京,中国空间技术研究院,硕士,3-5年,"深度学习,大模型算法,强化学习 ,DQN,Q学习,SARSA,GPT,RoBERTa,BERT,自然语言处理,知识图谱,智能驾驶,PyTorch,TensorFlow,Keras,Python,C++",面议,钱学森空间技术实验室高级技术主管主要工作是支持航天五院数据中心、算力中心建设，主导人工智能基础开发平台建设。具体工作内容如下：1、主导百TB量级航天器相关数据处理，设计并集成高效可用的数据处理工具，包括图像处理、文本处理、OCR识别、pdf解析等工具。2、构建高质量大模型训练数据集，包括指令微调、思维链数据等，基于行业数据训练并产出航天领域大模型。3、开发面向院内业务的智能体应用，实现面向海量数据...,学术/科研,http://jobs.zhaopin.com/CC000622730J40743373814.htm,10000人以上,2025-04-21 13:30:38
高级视觉算法工程师(J10399),北京,中国大恒(集团)有限公司北京图像视觉技术分公司,硕士,3-5年,"图像算法,机器视觉,C++,传统算法",2.5-5万·14薪,工作职责1、根据公司产品和业务需求，负责机器视觉相关算法的研发、性能优化等；2、负责关键技术的攻关，能够根据任务需求完成关键技术的方案设计、实现和验证；3、能够在已有方案基础上，独立完成优化方案的定制、实现和验证，并达到行业先进水平；4、能够对复杂综合技术方案进行拆解，指导他人完成各个技术点的方案调研、方案制定和实现，并且组织联合验证，保证方案的正确实施，和落地成果的成功转化；5、对软件开发过程中...,计算机硬件,http://jobs.zhaopin.com/CC120188730J40762567712.htm,500-999人,2025-04-14 15:55:30
资深模型推理优化工程师,北京,北京视知觉智能科技有限公司,硕士,3-5年,"机器视觉,图像算法,Transformer,人工神经网络,PyTorch,Python,C++",2.5-5万,岗位职责1. 负责智能超声诊疗模型在多种不同硬件平台的极致性能优化，结合编译优化、并行计算优化、图融合、高效 CUDA 算子开发实现行业领先的超声设备端推理性能。2. 针对特定NPU硬件计算平台，基于对硬件体系结构的深入理解，实现对硬件的高效利用。3. 针对Pytorch/CUDA相关GPU计算任务，进行算子和系统优化，提升训练/推理效率。岗位要求1. 工作3年以上，计算机/数学/物理/电子工程/...,人工智能,http://jobs.zhaopin.com/CCL1472743090J40734383907.htm,20-99人,2025-03-19 14:52:53
伺服电机算法专家,北京,大豪科技,硕士,10年以上,,3-5万·14薪,岗位职责：1.根据驱动器总体性能要求，负责电机控制算法的设计及驱动器软件的系统架构设计；2.根据公司评审后的设计方案进行详细设计，完成电机控制软件的代码编写工作；3.负责板级软件调试、电机测试，与驱动器硬件设计人员共同负责系统调试；4.负责整机的执行机构现场调试和优化；5.根据整机的技术需求完善电机驱动器的控制性能优化；6.完成上级交办的其他工作。任职要求：1.硕士以上学历，电力电子与电力传动、电...,电子/半导体/集成电路,http://jobs.zhaopin.com/CC464581210J40733691405.htm,500-999人,2025-02-11 13:50:55
高级研发工程师（计算机视觉状态估计）年薪60W,北京,北京中航万通机电工程股份有限公司,博士,1-3年,"推荐算法,运动控制算法,模式识别,视频算法,搜索算法,视觉图像算法",4.5-5万,"职位描述： 该职位将专注于视觉惯性里程计（VIO）、基于视觉的SLAM（V-SLAM）和基于视觉的碰撞避免的最新方法的开发、评估和集成; 根据真实世界的数据集，评估和标准化现有的VIO和V-SLAM较为先进的方法，根据结果提出建议, 实现和完成先进的基于视觉的避障和导航算法的测试。与机器人专家、软件工程师和现场工程师组成的优秀团队紧密合作，为产品提供基于视觉的系统。 要求: 硕士或博士。（优先）计...",电气机械/电力设备,http://jobs.zhaopin.com/CC681645020J40300882113.htm,20-99人,2024-11-23 00:03:40
大模型搜索算法工程师,北京,北京三快在线科技有限公司,硕士,3-5年,,面议,基础研发平台是美团的核心技术平台，立足于“零售+科技”的战略定位，通过打造人工智能、大数据、云计算、安全等核心技术能力，以及研发效能平台、企业应用平台等公共服务，为业务提供稳定安全、扩展易用、技术领先的平台技术和产品服务。在这里，我们会参与到最前沿的技术研发和探索；能够接触超规模集群、海量数据，挑战高复杂业务场景，有机会与业界一流的工程师一起并肩前行。在这里，我们有超强的技术氛围，持续向社区贡献业...,互联网,http://jobs.zhaopin.com/CC383625320J40684825109.htm,10000人以上,2026-01-11 08:41:29
算法工程师,北京,京东集团,本科,3-5年,"机器学习,强化学习 ,深度学习,智能驾驶,导航算法,搜索/推荐算法",2.4-4.5万·20薪,职位描述算法工程师/专家岗位要求1、负责京东集团项目的算法研发工作，持续优化提升场域核心指标以及用户体验；2、持续优化算法策略和模型效果，提升运营效率指标；3、跟踪业界最新的算法并在实际业务场景中进行实践和应用。任职要求1、本科及以上学历，3年以上搜索、推荐、广告相关算法研发经验；工程师/专家/架构师等同步招聘中；2、扎实的算法与数据结构功底，优秀的机器学习基础，良好的数学和统计基础；3、熟悉Ha...,互联网,http://jobs.zhaopin.com/CC192921310J40739782209.htm,10000人以上,2026-01-11 00:23:21
视觉算法工程师-深度学习,北京,元潼(北京)技术有限公司,硕士,1-3年,"PyTorch,TensorRT,算力部署,轻量化,CUDA,立体视觉,三维视觉,3D图像",2.5-4.5万·13薪,岗位职责：1、负责计算机视觉相关的图像处理算法开发，为实际应用场景提供高效的算法接口。2、负责视觉相关的深度学习算法开发和优化，以及算法在GPU、NPU等多种算力平台上的部署。3、跟踪前沿AI芯片相关技术，研发文档撰写和维护。任职要求：1、具备两年以上工作经验，硕士及以上学历，计算机、电子信息、人工智能、自动化等相关专业。2、熟练使用Python/C++，掌握PyTorch/TensorFlow等...,智能硬件,http://jobs.zhaopin.com/CCL1419449290J40774818409.htm,20-99人,2026-01-10 00:11:21
地图POI算法工程师,北京,北京三快在线科技有限公司,硕士,1-3年,,面议,美团平台为用户的基础产品体验负责，还承担了美团的用户增长、市场和品牌营销以及多条业务线的产品设计职责，建立了融合文字、图片、视频和直播等不同形式的內容生态系统，同时整合地图服务部、客户服务和体验部、企业业务部、网约车业务部等部门，致力于用科技提升美团数亿消费者、近千万商家、骑手、司机和团长的服务体验。美团平台拥有高并发、多业务的复杂场景，为技术深度优化提供了最佳实践可能。这里有简单、讲逻辑、有爱的...,互联网,http://jobs.zhaopin.com/CC383625320J40820176009.htm,10000人以上,2026-01-11 08:30:50
算法工程师-B2086R,北京,京东集团,本科,3-5年,"Java,运筹优化,机器学习,物流配送,地图场景",3-4.5万·16薪,工作内容： 1.负责基于运筹优化与机器学习相结合的物流配送优化； 2.负责地图场景的NLP模块和搜索推荐引擎的构建与开发； 3.跟踪机器学习、数据挖掘等方向的前沿算法，承担技术框架建设和落地实施优化； 4.负责协同工程、产品等团队合作。 任职资格： 1.本科及以上学历，3年及以上行业内工作经验，有知名互联网企业工作经历优先考虑； 2.精通java或python任意一种开发语言； 3.有运营场景运筹...,互联网,http://jobs.zhaopin.com/CC192921310J40788101509.htm,10000人以上,2026-01-11 00:10:02
AI 图像技术专家 / ComfyUI 工作流,北京,北京举贤人力资源服务有限公司,学历不限,3-5年,"平面设计,COMFYUI",2.5-4.5万,硬性技术要求（请仔细阅读）ComfyUI深度掌控：你不能只会套用别人的 JSON。你必须对 ComfyUI的底层逻辑理解极深，拥有拆解和逆向分析工作流的能力。必须具备从 0 到 1 搭建原创工作流的能力。遇到特殊需求时，你能通过组合节点，甚至优化逻辑来解决问题，而不是等着别人出教程。（当然公司有很强的程序大神，如果你学习能力足够强，执行能力足够强，对AI的兴趣足够强，我们也不介意你的技术稍差）全栈...,咨询服务,http://jobs.zhaopin.com/CC446151030J40821546407.htm,20-99人,2026-01-08 10:55:18
感知算法工程师（base北京、中科院技术大牛、双休 紧急靠谱！）,北京,南方新华,本科,5-10年,"感知算法,机器人,自动驾驶",3-4.5万·13薪,【公司简介】规模 100+，中科院科研实力（核心团队来自中国科学院自动化研究所），专注人形机器人赛道(to c 端)，获近亿元天使轮融资，并获联想等机构投资，有三条核心产品线：全尺寸双足人形机器人、轮臂式人形机器人及灵巧手，主要应用在工业质检、矿山作业、文旅教育、商业服务以及家庭场景。【岗位】感知算法工程师 年薪60w以内岗位职责：1.针对极端环境或传感器失效（摄像头过曝、LiDAR遮挡），设计冗...,人力资源服务,http://jobs.zhaopin.com/CC346219280J40819495611.htm,100-299人,2026-01-07 15:01:47
AI高级研发工程师,北京,禅境科技股份有限公司,本科,5-10年,"深度学习,图像算法,多模态算法",3-4.5万·13薪,主要岗位职责：1. 参与研发AI数字人，AIGC及互动实现、动作生成、唇形匹配等相关模型算法的开发。2. 具备数字人语音交互设计，流式ASR/TTS，多并发实时互动技术。3. 基于LLM、知识检索、向量数据库、Function Calling 等技术，设计开发智能 Agent 系统，支持复杂任务规划与异构模型调度，确保系统的高可用性、可扩展性和安全性。4. 参与AIGC（AI生成内容）相关产品的开...,IT服务,http://jobs.zhaopin.com/CC599092820J40973186904.htm,20-99人,2025-12-30 00:02:22
控制/电机相关算法工程师,北京,北京特倍福电子技术有限公司,硕士,5-10年,,2.5-4.5万·14薪,公司简介： 我们是一家专注于传感器和编码器等产品的研发、生产与销售的高新技术企业，在行业内拥有良好的口碑和稳定的发展。 凭借核心技术和可靠的产品质量，我们为伺服自动化、机器人、冶金、化工等领域提供优质解决方案，客户遍布国内外。 伺服编码器算法工程师的核心职责聚焦于编码器信号处理、运动控制算法开发及系统集成，需同时具备软硬件协同开发能力。具体职责与要求如下： 一、岗位职责 1.1编码器信号处理与算法...,仪器仪表制造,http://jobs.zhaopin.com/CC644918730J40700157806.htm,100-299人,2025-12-26 14:07:43
大模型或NLP算法工程师,北京,南方新华,本科,1-3年,,2.5-4.5万·16薪,本岗位面向大模型训练、大模型应用、NLP 技术应用三个核心方向，招募具备相关技术能力和项目经验的算法工程师。我们注重候选人在特定领域的专业深度，欢迎在大模型训练优化、大模型业务应用、NLP 技术落地等任一方向有扎实积累的候选人加入。核心工作职责1、大模型方向：负责大模型训练、微调、优化，包括语料处理、模型迭代、性能提升等工作，支撑短视频 / 直播、智能客服等业务场景2、NLP 应用方向：负责 NL...,人力资源服务,http://jobs.zhaopin.com/CC346219280J40818693011.htm,100-299人,2026-01-05 18:16:17
算法工程师（Coding理解方向）-生活服务,北京,字节跳动,本科,3-5年,,2.6-4.5万,岗位职责：1、Coding理解技术攻坚：深耕代码语义理解、逻辑推理与意图识别，基于大模型突破代码结构解析、上下文关联、功能等价性判断等核心技术瓶颈；2、代码知识体系构建：设计研发提效场景下的Coding领域知识图谱，梳理函数/变量/类/API等实体及调用关系、依赖链路、代码规范等核心关系，开发知识抽取、融合与推理算法，形成结构化代码理解知识库；3、AI提效应用落地：基于代码理解能力与知识图谱，开发...,互联网,http://jobs.zhaopin.com/CC469217510J40814935701.htm,10000人以上,2025-12-18 18:24:40
AI算法工程师 (法律知识图谱与大模型方向),北京,北京市君合律师事务所,博士,1-3年,"深度学习,自然语言处理,大模型算法,BERT,T5,Transformer,知识图谱,本体（ONTOLOGY）,Python,TensorFlow,PyTorch",2.5-4.5万·14薪,【关于我们】我们是国内头部律所的AI创新引擎，致力于将前沿AI技术（特别是知识图谱与大模型）与复杂的法律场景深度融合。我们不仅仅是技术的应用者，更是“法律知识大脑”的构建者。我们与资深律师紧密合作，共同打造能够结构化法律知识、赋能智能推理、并最终改变行业工作方式的AI核心系统。 【岗位职责】作为团队的技术基石与创新大脑，你将主导法律知识图谱的构建与应用，并探索其与大模型的协同，驱动AI技术在法律领...,咨询服务,http://jobs.zhaopin.com/CC000016950J40754914016.htm,1000-9999人,2025-12-18 00:03:41
Senior AI Engineer储备岗位 (MJ003004),北京,拜耳集团,本科,5-10年,"深度学习,机器学习,图像算法",面议,本岗位﻿为人才储备岗位，目前仅作简历收集使用。若您符合岗位要求，未来一旦有合适的岗位空缺，我们将优先与您联系，快速进入招聘流程。﻿YOUR TASKS AND RESPONSIBILITIESAI Solution Development•Lead the design and development of innovative machine learning models and algori...,医药制造,http://jobs.zhaopin.com/CC000177130J40814527401.htm,1000-9999人,2025-12-16 09:35:19
人工智能SONIC交换机研发,北京,浪潮集团,博士,经验不限,"SONIC,算力底座",2.5-4.5万·14薪,职位名称：人工智能SONIC交换机研发base地：济南或者北京职位关键词：SONIC、人工智能、大模型、算力底座岗位职责：负责大模型智能工厂使用的SONIC交换机操作系统的架构设计、模块开发与性能优化，保障并提升GPU算力的处理效率；主导实现控制面功能模块，如BGP、EVPN、VXLAN、ACL、MCLAG、ECMP、QoS等；熟悉SONiC的SWSS、Orchagent、SAI和ConfigDB...,IT服务,http://jobs.zhaopin.com/CC120143600J40879574315.htm,10000人以上,2025-12-10 09:54:14
AI算法技术总监/专家,北京,北京万维盈创科技发展有限公司,博士,经验不限,"大模型算法,图像算法,语音识别",3-4.5万·14薪,岗位职责：1. 结合大语言模型应用技术的发展趋势和市场需求，制定公司AI/算法业务领域技术路线规划与设计。2. 负责大语言模型相关技术（知识注入、指令对齐、深度推理、知识围栏等）的算法研究和应用落地，推进机器学习、深度学习等核心算法的研发与优化，解决业务场景中的复杂问题（如推荐系统、NLP、计算机视觉等）。3. 深度挖掘客户需求，能够根据行业需求和市场趋势，设计出符合用户期望和行业标准的产品。4....,环保,http://jobs.zhaopin.com/CC136892080J40821927712.htm,500-999人,2025-12-10 00:22:20
高级算法工程师,北京,北京理工雷科电子信息技术有限公司,硕士,经验不限,,2.5-4.5万·15薪,岗位职责：1、精通地基雷达目标检测跟踪识别算法，特别是对低慢小目标的回波信号处理具有较高理论水平和长期深入研究，工程实践经验丰富；2、对雷达系统理论、工作模式、系统组成、工作波形、波束扫描等总体知识较熟悉；3、熟练使用matlab，处理外场试验数据经验丰富；4、对学术前沿的检测跟踪识别方法了解，能够在实际工程中应用；5、对算法的实时处理软件实现熟悉者优先。任职要求：1.硕士及以上学历，信号处理、人...,电子/半导体/集成电路,http://jobs.zhaopin.com/CC338210710J40877197602.htm,500-999人,2025-12-09 09:40:55
T0算法研究员,北京,北京三千大千科技有限公司,本科,1-3年,"Python,深度学习,C++",2.4-4.5万,"【岗位职责】开发股票高频交易程序，优化交易执行模块；测试、执行和维护高频算法交易策略和T0策略；定期分析交易执行表现；【任职要求】 国内外知名高校研究生以上学位，数学，物理，计算机，金融等相关专业优先,本科学历特别优秀者也可；有算法交易策略开发研究经验者优先；熟练使用C++,Python其中一种语言或多种语言者优先；有程序化T0开发经验优先；思维清晰，逻辑性强，勇于创新和面对挑战，对工作充满激情，...",计算机软件,http://jobs.zhaopin.com/CCL1319400560J40904764508.htm,20人以下,2025-12-05 18:46:01
人工智能及大模型算法工程师(OCR方向),北京,京北方,博士,3-5年,"深度学习,机器学习,图像算法,Transformer,TensorFlow,PyTorch,OpenCV,Java,Python",2.3-4.5万,"岗位职责：进行图像领域人工智能和大模型算法的应用研究设计并实现高效的机器学习模型和深度学习架构优化现有算法,提高模型性能和效率参与制定技术路线图,推动AI技术的创新和应用与跨职能团队合作,将AI解决方案集成到公司产品中进行专利申请任职要求：具有985、211上半区大学，计算机科学、人工智能、机器学习或相关领域的本科、硕士、博士学位深厚的机器学习和深度学习理论基础熟练掌握Python、PyTorch...",IT服务,http://jobs.zhaopin.com/CC315847110J40785895207.htm,10000人以上,2025-12-01 13:53:33
大模型NLP算法工程师,北京,道一(天津)企业管理咨询有限公司,硕士,3-5年,,2.4-4.5万·13薪,工作内容：负责基于航天特色需求的思维链强化大语言模型关键技术攻关岗位职责：硕士研究生及以上学历，毕业于计算机、人工智能、自动化专业或相关专业，从事3年以上的大模型设训测工作，深度参与过千亿参数级大模型全生命周期开发，具有一线实操经验，熟悉大模型预训练、微调训练等关键技术、分布式训练优化策略、长文本处理、数据增强策略等实践经验，精通模型架构改进，熟练应用LlamaFactory、Langchain、...,人力资源服务,http://jobs.zhaopin.com/CCL1447804550J40850687812.htm,100-299人,2025-11-18 17:50:05
高级遥感算法工程师,北京,中科星图维天信科技股份有限公司,硕士,3-5年,气象遥感算法,2.5-4.5万,岗位职责：1、负责项目实施过程中涉及大气、气象、海洋遥感方向算法的调研、代码实现、检验、产品设计和正确性检验等工作。2、负责项目实施过程中实施方案、需求规格、概设、详设等过程文档中与专业算法相关内容的编写；3、负责在公司品牌建设和知识产权成果积累过程中提供遥感专业算法相关的文档和技术支持工作。任职要求：1、大气科学、大气遥感、大气物理、气象遥感、海洋科学、地理信息等专业方向，熟悉卫星遥感基本理论；...,计算机软件,http://jobs.zhaopin.com/CCL1468525190J40841417813.htm,300-499人,2025-11-12 16:07:31
人工智能与大数据算法专家,北京,同方知网（北京）技术有限公司,博士,1-3年,大模型,2.5-4.5万·14薪,岗位职责: 1.负责当下大模型构建、多模态学习、深度文本理解与生成算法、强化学习等领域技术应用方案的整体设计与研发规划。 2.着重关注知识图谱问答系统、Text2Sql转换、信息摘要与指令抽取、角色扮演对话系统以及智能内容创作等具体应用场景的技术落地。 3.参与LLM训练和平台建设，调研、追踪和复现生成式大模型的最新进展和效果，实现在部门核心业务产品中技术应用。 4.构建可快速适配和落地的行业大模...,IT服务,http://jobs.zhaopin.com/CC133615290J40682467315.htm,1000-9999人,2025-11-12 14:12:03
大模型算法工程师,北京,智联招聘,本科,3-5年,,3-4.5万·14薪,岗位职责：1、 负责开发、优化最新的文本大模型。2、参与大模型离线训练的效率和稳定性提升的工作；参与大模型的分布式模型训练，尝试不同的方法提升模型性能；3、 参与大模型在招聘，销售等行业的落地应用。任职要求;1、计算机专业背景，本科及以上学历；2、编程基本功扎实、熟悉常用数据结构和算法；3、熟悉GPT等模型开源框架，有模型开发实践经验，熟悉预训练、模型评测等工作；4、了解LLM（Large Lan...,互联网,http://jobs.zhaopin.com/CCL1501502560J40820819014.htm,1000-9999人,2025-11-12 14:07:01
AI算法工程师,北京,中煤信息,硕士,经验不限,AI算法工程师,2.3-4.5万,岗位职责：1.构建与完善企业级MLOps体系，覆盖数据采集与清洗、特征工程、模型训练、评估与上线、推理服务及监控等全流程，确保平台具备高效的模型迭代能力与可观测性，对业务迭代效率、模型上线周期和平台效能等核心指标负责；2.主导机器学习与大模型平台的架构设计与系统研发，聚焦稳定性、可扩展性和云原生化落地，持续优化计算资源利用率与服务性能，形成行业领先的工程标准；3.负责智能体（AI Agent）体系...,IT服务,http://jobs.zhaopin.com/CC375053430J40841042013.htm,100-299人,2025-11-11 15:47:12
AI算法工程师,北京,金科环境股份有限公司,本科,5-10年,"TensorFlow,PyTorch,Keras,Shell,Python,GBDT,Xgboost",2.5-4.5万·16薪,岗位职责：1、负责智慧水务平台产品相关人工智能算法与模型的研发迭代工作。2、负责研究无人值守场景下的人工智能算法应用研究，场景包括工艺优化、计算机视觉等。3、负责公司人工智能创新应用探索，新技术研究与产品相关验证等工作。任职资格：1、三年及以上工作经验，计算机、数学、 统计学等相关专业，本科及以上学历，硕士优先。2、熟练使用tensorflow、pytorch、keras等任一种深度学习框架。3、...,环保,http://jobs.zhaopin.com/CC120846860J40661430914.htm,100-299人,2025-10-31 00:03:41
图神经网络算法工程师,北京,曲泉(北京)新材料有限公司,大专,1-3年,"深度学习,图像算法",2.4-4.5万,核心职责：精通24色卡算法、定位与透视校正算法实现彩色胶区域的自动识别与分割构建图像质量评估系统（模糊、曝光检测等）训练和优化深度学习模型并部署至生产环境职位要求：对DNG光源、色彩、图像处理1年以上计算机视觉相关经验精通Python、OpenCV和PyTorch/TensorFlow掌握深度学习在图像分类、检测、分割中的应用具备良好的数学基础和问题解决能力（加分项）有移动端算法优化经验；了解色彩...,互联网,http://jobs.zhaopin.com/CCL1412140990J40840644112.htm,100-299人,2025-10-24 20:22:13
工程技术岗/研究岗（大模型算法）(J10378),北京,启元实验室,硕士,经验不限,"深度学习,机器学习",2.5-4.5万,岗位职责:1. 面向人工智能、科学计算与大数据处理融合的智能体系结构，开展大规模预训练模型相关研究。包括但不限于数据清洗、算法设计、训练推理、模型压缩等研究方向。2. 与团队成员协同工作，设计实现各种模块或功能，并进行性能调优；解决大规模预训练模型研发过程中遇到的算法问题，如进行模型评测、缓解模型幻觉等。3. 探索创新：积极探索新方法、不断提升工作效率及团队协调开发能力。任职要求:1.硕士及以上学...,人工智能,http://jobs.zhaopin.com/CCL1311152580J40768274116.htm,300-499人,2025-10-24 14:38:57
6G/人工智能博士研究员（入博士后工作站）,北京,阳光凯讯(北京)科技股份有限公司,博士,经验不限,,3-4.5万,研究领域1、前沿探索：专注当前主流大模型/行业模型框架（如生成式对抗网络（GANs）、Transformer），挖掘其在 6G 超高速、超低时延、海量连接通信需求下的创新应用。针对未来 6G 网络的星际通信、全域覆盖等拓展场景，优化、适配及改进模型，探索在星际链路动态调整、空天地一体化网络资源智能调配等方面的应用。2、关键技术突破：深度参与企业与高校联合的重大科研项目，攻坚人工智能与通信融合的关键...,通信/网络设备,http://jobs.zhaopin.com/CCL1450857080J40694730409.htm,100-299人,2025-10-22 00:00:02
