职位,城市,公司,学历,经验,技能,薪资,工作描述,行业,职位URL,公司规模,发布时间
噪音控制工程师,南京,南京开拓环保科技有限公司,本科,3-5年,噪音治理 声学设计,12-20万,岗位职责：1、负责对工业厂区整机、零部件及其系统的噪声分析，并制定整改方案；2、利用或开发相关专业软件，对整机和部件进行预先评估性分析。3、制定降低噪音设计方案。4、能独立开展工作，并完成公司工业厂区噪声项目的改善。任职要求：1、从事噪声治理工作3-5年以上。2、扎实的理论及丰富的结构设计声学分析经验，具有独立承担项目开发经验。3、声学、力学等相关专业本科及以上学历；4、可编写项目设计方案、分析报...,电力/水利/热力/燃气,http://jobs.zhaopin.com/CC482588422J00295917203.htm,20-99人,2025-12-31 00:00:01
硬件专家-驭新智能底盘（南京）,南京,东风汽车,本科,5-10年,"硬件测试,设计",3-6万,岗位职责:*本岗位招聘单位为驭新智能底盘系统有限公司。1、负责智能底盘电控系统（制动、转向、域控等）的电子硬件架构、电路设计与全流程开发，主导功能安全导向的硬件方案设计，确保硬件架构符合ASIL D等级要求。2、进行高可靠性、高安全性的电路设计与仿真，将功能安全需求及高等级EMC/EMI要求融入设计。3、主导硬件功能安全分析和EMC风险评估，制定并执行设计规范与测试计划，保证产品通过功能安全认证与...,汽车研发/制造,http://jobs.zhaopin.com/CC679989880J40836979705.htm,10000人以上,2026-01-06 11:05:40
机械设计专家 (MJ000167),南京,南京牧镭激光科技股份有限公司,硕士,5-10年,"SolidWorks,机械结构设计,机械仿真设计",4-5.5万·13薪,"任职要求：1. 硕士以上学历，机械专业 2.8年以上机械设计工作经验，具备管理经验 3.熟练掌握Pro-E、CAD 、CATIA、SolidWorks等设计软件，精通CAE或CFD仿真分析、渲染和工艺设计；具有综合的机械设计能力,具备方案规划、技术把控经验，善于解决各种问题。 4.具有良好的沟通协调能力及良好的团队精神，能承受一定的工作压力，做事有责任心。5.优秀的团队合作能力与跨部门沟通能力，逻...",电子/半导体/集成电路,http://jobs.zhaopin.com/CC369626330J40324919910.htm,300-499人,2025-07-23 17:06:33
机械工程师（专利代理）,南京,北京龙双利达知识产权代理有限公司,硕士,无经验,,2.5-5万,职业发展这里没有代码和实验室，也不存在森严的等级，不以年龄论资排辈，仅凭专业能力便可傲视群雄，不需要职场的勾心斗角，35岁是正当年绝不存在被“毕业”。“人生就像滚雪球，最重要之事是发现湿雪和长长的坡。”技术会迭代，技术积累不会清零，法律会更新，法律理解不会失去意义。在龙双，你将永远处在科技浪潮的前沿，始终快人一步一睹未来风采，你将有更多机会与各行各业的技术大咖碰撞出智慧的火花，你可以尽享谈笑有鸿儒...,专利/商标/知识产权,http://jobs.zhaopin.com/CC184213220J40734546205.htm,100-299人,2025-12-04 00:06:42
结构设计副总监(J12058),南京,江苏鱼跃医疗设备股份有限公司,本科,10年以上,"3C产品,装配工艺,注塑工艺,AutoCAD,SolidWorks,Pro/E,医疗器械,血糖监测,CGM",3-5万·15薪,岗位职责:1.基于公司战略规划拟定产品机械结构部分的研发方向、技术规划与实施，为产品研发交付提供全面的技术支持和保障； 2.管理公司的结构核心技术，配合团队组织制定和实施重大技术决策和技术方案，对技术的提炼和技术平台设立具有相关的经验； 3.负责公司新产品机械结构部分的研发主导工作，包含策划、设计、实现、验证、确认以及不断改进维护等工作； 4.负责机械结构团队能力建设、团队目标制定和绩效管理，主导...,医疗设备/器械,http://jobs.zhaopin.com/CC199971310J40833548703.htm,10000人以上,2025-09-19 16:32:12
硬件研发总监,南京,上海音特电子有限公司,本科,5-10年,技术支持,2.5-4.5万,岗位职责：1. 根据公司产品规划路线，统筹公司新产品、新技术开发、成果转化工作；2. 对硬件的技术路线（方案）有自己思路见解，并结合市场规划产品发展方向，能够带领初创团队完成从0到1的产业化拓展工作，对拓展结果负责；3. 主导立项产品的项目开发，管理研发团队，推动关键技术攻关，确保研发成果的高质量交付，对研发结果负责；4.收集国内外相关领域政策、行业发展信息，根据公司发展战略制定部门短期、中期技术...,电子/半导体/集成电路,http://jobs.zhaopin.com/CC239732510J40526071004.htm,20-99人,2025-12-17 15:09:43
高级硬件工程师,南京,南京英田光学工程股份有限公司,本科,无经验,"高速电路,信号完整性,Candence",4-4.5万,岗位职责：1.负责激光通信终端高速硬件原理图与PCB板设计的相关工作；2.终端常用的主芯片主要包括DSP.FPGA.ARM等，以及激光通信环境下的高速器件；3.对目前常用的高速接口器件.高速A/D.高速D/A器件的选型清楚，并完成相应电路设计与制作；4.掌握Xilinx FPGA器件高速接口电路如LVDS.GTY等的使用方法及连接方式，完成与外部接口器件信号完整性的设计；5.对激光通信前端宽带模拟...,仪器仪表制造,http://jobs.zhaopin.com/CC180868110J40030461904.htm,100-299人,2025-11-13 08:48:16
高级硬件工程师-汽车行业,南京,苏州莱尔顿企业管理咨询有限公司宿迁分公司,本科,5-10年,"设计,EMC设计,ARM研发,PCB设计",3-4.5万·15薪,岗位职责：- 与团队密切合作实现控制单元硬件开发。- 主导电机控制器和功率 变换器控制器的模 拟电路应用，特别是高精度、高电压、大电流的测量。- 功率级/功率板设计，电力电子子系统开发，专注于开关电源设计、IGBT 应用和栅极驱动器设计- 全面负责从系统级到硬件实现的模拟电路设计。- 根据功能安全 （ISO26262） 要求设计硬件电路。- 电路仿真、WCA 和功能分析， 热设计、可靠性设计和静态...,人力资源服务,http://jobs.zhaopin.com/CCL1467273690J40806984309.htm,20-99人,2025-11-08 10:13:59
机械专家,南京,江苏岚江智能科技有限公司,本科,10年以上,"特种设备,电气设备,SolidWorks,Pro/E,CATIA,整车设计",3.5-4.5万,岗位职责1、跟踪全球智能农业装备趋势（如自动驾驶、新能源化、精准农业技术），主导公司农业机器人机械系统整体架构设计，规划产品迭代方向，主导关键技术攻关； 2、负责履带式/轮式底盘设计，优化牵引力、通过性及地形适应性，确保复杂果园场景下的稳定性； 3、主导增程动力系统的机械集成，解决散热、振动、密封等工程化问题； 4、设计植保装置（药箱、泵阀、风机等）与机器人本体的匹配方案，提升作业效率与可靠性； ...,农/林/牧/渔,http://jobs.zhaopin.com/CCL1389528800J40895244808.htm,100-299人,2025-10-23 16:23:34
中/高级功率硬件工程师,南京,思源电气,本科,3-5年,,2-4万·16薪,岗位职责：1、主导功率单元产品开发设计工作，如需求分析，关键需求设计，功率单元技术方案，选型计算，损耗分析，寿命分析，电和热应力分析。2、指导结构工程师完成功率单元的结构设计;3、指导热仿真工程师建立主功率器件准确的热仿真模型;4、主导功率单元相关硬件的技术平台建设工作。岗位要求:专业：电力、电子、自动化、电气等相关专业经验：电力电子技术，精通功率器件应力计算、测试或仿真，损耗计算，失效分析等相关...,电气机械/电力设备,http://jobs.zhaopin.com/CC000635070J40806882711.htm,1000-9999人,2026-01-11 00:42:01
硬件工程师（工作地点北京）,南京,京清数电(北京)技术有限公司,本科,5-10年,"变流器,电力电子",2.3-4万·14薪,岗位职责：1、负责级联式高压大功率电力电子硬件开发工作；2、功率模块等硬件开发及测试，配合结构、电气工程师，对级联式高压整机的硬件进行开发及测试；3、解决产品开发过程中遇到的技术问题；4、负责技术开发过程中的文档编写及汇总。任职要求：1、电力电子，电气工程，自动控制等相关专业本科及以上学历；2、高压变频器/高压SVG/光伏/储能等相关行业5-10年以上工作经验；3、有高压电力电子变压器、中压SVG...,新能源,http://jobs.zhaopin.com/CCL1379379080J40867811703.htm,100-299人,2026-01-05 18:34:04
资深硬件工程师,南京,连云港杰瑞电子有限公司,硕士,5-10年,,2-4万·14薪,岗位职责：1、负责硬件电路设计与开发，包括信号采集、处理和输出模块；2、能够独立完成元器件选型、原理图设计、PCB布局及调试工作；3、进行硬件电路的性能优化，确保产品的精度、稳定性和可靠性；4、编写技术文档，包括设计说明、测试报告及相关规范；5、与软件团队协作，实现硬件与嵌入式系统的集成；6、参与产品测试、验证及生产支持，解决现场问题。任职要求：1、电子信息、电力电子、自动化等相关专业，硕士及以上...,电子/半导体/集成电路,http://jobs.zhaopin.com/CC272132510J40883118204.htm,500-999人,2026-01-04 14:40:24
硬件工程师（功率方向）,南京,埃斯顿,本科,3-5年,"设计,技术支持,IGBT,功率,逆变",2-4万,工作职责:1、 负责电控柜、伺服驱动器功率板、电源板等硬件电路的设计、调试、测试以及解决EMC等疑难问题；2、 负责硬件系统架构设计，关键电路和关键器件的设计选型；3、 编写伺服驱动和电源硬件相关的文档，参与内部技术评审；4、 调研和分析行业技术发展趋势，国际/国家标准规范分析。任职资格:1、本科及以上电子、电气相关专业，工作经验研究生3年以上、本科5年以上；2、熟悉电机驱动、运控控制系统相关原理...,仪器仪表制造,http://jobs.zhaopin.com/CC243960110J40799142608.htm,1000-9999人,2025-12-26 09:35:56
方形结构研发工程师,南京,爱尔集新能源(中国)有限公司,硕士,5-10年,"储能电池,锂电池,研发,材料研发",2-4万·14薪,岗位职责:1.负责制定下一代电芯结构前瞻性技术，为电芯和系统提供最优电芯结构方案2.负责电芯结构和组件设计、计算和仿真分析，对设计可制造性、成本优化3.根据客户需求或产品规格，制定合理电芯结构和组件设计方案，编写设计文件文档，协助其他部门进行产品开发工作，解决产品设计问题，保障产品高质量交付，为公司产品全生命周期提供技术支持4.负责结构件失效分析与方法开发5.团队日常管理运作，供应商技术审核与技术...,新能源,http://jobs.zhaopin.com/CCL1495416760J40908450808.htm,1000-9999人,2025-12-25 15:27:32
高级硬件工程师,南京,南京协澳智能控制系统有限公司,本科,5-10年,,2-4万,一、岗位职责1、需求落地：拆解客户技术条件与约束，形成硬件需求与接口规格； 2、方案设计：模拟/数字电路架构，器件选型与降额，绝缘与安规裕量、热设计； 3、详细设计：原理图、关键网络约束与分层PCB设计（SI/PI/EMC）；BOM与成本控制； 4、典型电路：电源模块（AC/DC、DC/DC）、测量与信号调理、继电/驱动与保护、RS485/隔离通信、时序/复位/看门狗； 5、验证试验：单元与系统级...,电力/水利/热力/燃气,http://jobs.zhaopin.com/CC476899020J40845046603.htm,100-299人,2025-12-24 15:41:09
高级硬件工程师（功率方向）,南京,埃斯顿,本科,3-5年,"逆变,MOS,IGBT,驱动器,功率模块,变频器",2.2-4万,【岗位职责】 1、 负责电控柜、伺服驱动器功率板、电源板等硬件电路的设计、调试、测试以及解决EMC等疑难问题； 2、 负责硬件系统架构设计，关键电路和关键器件的设计选型； 3、 编写伺服驱动和电源硬件相关的文档，参与内部技术评审； 4、 调研和分析行业技术发展趋势，国际/国家标准规范分析。 【任职资格】 1、本科及以上电子、电气相关专业， 工作经验研究生3年以上、本科5年以上； 2、熟悉电机驱动、...,仪器仪表制造,http://jobs.zhaopin.com/CC243960110J40737119108.htm,1000-9999人,2025-12-25 17:57:16
高级硬件工程师,南京,合肥中科君达视界技术股份有限公司,本科,5-10年,"高速接口,硬件开发,FPGA",2.8-4万·14薪,岗位职责1. 负责产品的物料选型、物料验证、硬件方案文档编写；2. 负责原理图封装、原理图电路设计；3. 负责PCB设计检查，整机堆叠检查；4. 负责硬件调试debug与软件调试协助；5. 完成硬件平台建设需要的技术论证、技术预研、SOP、培训教程、专利申请等。岗位要求1. 本科以上学历，电子、计算机、通信、自动化、电气等相关专业；2. 5年以上硬件开发经验；3. 熟悉常见工业接口及存储器，熟悉F...,计算机硬件,http://jobs.zhaopin.com/CC371638020J40534507906.htm,100-299人,2025-12-17 09:33:32
5G IC硬件开发工程师,南京,深圳市中兴微电子技术有限公司,本科,3-5年,,2-4万,岗位职责：1、负责2/3/4/5G modem平台配套硬件方案设计，器件选型；2、负责单板原理图绘制，PCB布局，bom制作，贴片跟踪；3、负责自研单板硬件自测，自研芯片自测；4、负责软硬件联调中的硬件故障定位，解决；5、负责对外客户端的硬件技术难题解决，技术赋能及设计评审。任职要求：1、计算机、通信、电子信息等专业本科及以上毕业；2、熟悉数字电路与模拟电路知识，硬件设计规范，高速信号设计、通信射...,电子/半导体/集成电路,http://jobs.zhaopin.com/CC332136610J40904109008.htm,1000-9999人,2025-12-03 08:53:38
机械工程师,南京,江苏赛弘通能源科技有限公司,本科,3-5年,,2-4万,岗位内容：1. 对机械产品进行研究和开发，提供技术支持和解决方案。2. 分析机械产品的性能和可靠性，为产品改进提供建议。3. 协调生产、品质和营销部门，确保产品符合客户需求。4. 解决客户在机械产品使用和维护过程中遇到的问题。任职要求：1. 机械工程或相关专业背景。2. 具备良好的机械产品知识和技术支持经验。3. 熟悉机械产品的生产和制造流程。4. 良好的沟通和解决问题的能力。5.能接受去海外工作...,电子商务,http://jobs.zhaopin.com/CCL1504692960J40967525904.htm,1000-9999人,2025-11-18 16:39:03
硬件专家,南京,合肥中科君达视界技术股份有限公司,本科,5-10年,,3-4万·14薪,"岗位职责：1. 负责超高速电路设计和系统设计， 包括但不限于FPGA、ASIC和PCB设计。2. 对现有的硬件设计进行优化,以提高性能、减少功耗和降低成本。3. 与软件工程师紧密合作，确保硬件和软件之间的无缝交互。4. 对新技术进行研究，并将新技术应用到产品。5. 对团队成员进行指导和培训，以提高整个团 队的技能水平。6. 管理硬件设计流程，确保项目按时按质完 成。任职要求：1. 具备扎实的模拟电...",计算机硬件,http://jobs.zhaopin.com/CC371638020J40716042006.htm,100-299人,2025-11-25 14:19:14
高级硬件研发工程师（电力控制产品）,南京,南京协澳智能控制系统有限公司,本科,5-10年,,2-4万·13薪,岗位使命基于产品《需求矩阵》，独立完成从硬件方案、原理图/PCB、样机验证到量产导入的全流程研发，确保安全合规、EMC一次通过与可制造性。一、岗位职责1、需求落地：拆解客户技术条件与约束，形成硬件需求与接口规格； 2、方案设计：模拟/数字电路架构，器件选型与降额，绝缘与安规裕量、热设计； 3、详细设计：原理图、关键网络约束与分层PCB设计（SI/PI/EMC）；BOM与成本控制； 4、典型电路：电...,电力/水利/热力/燃气,http://jobs.zhaopin.com/CC476899020J40845006003.htm,100-299人,2025-11-18 00:00:02
飞行器总体设计师,南京,航天国器智能装备(江苏)有限公司,硕士,3-5年,飞行器设计,2-4万·14薪,岗位职责： 1、总体方案设计，确定总体设计参数，进行气动布局设计和总体布置设计，编写总体设计方案； 2、根据总体要求，开展固定翼及旋翼空气动力学设计，包括气动外形设计、飞行力学设计、验证、计算及优化等； 3、性能计算与操稳特性计算，整机重量重心分配及重量控制； 4、开展飞行器在各飞行工况下气动力、需用功率计算； 5、开展考虑旋翼挥舞、变距、摆振等影响的飞机旋翼气动研究。 任职要求： 1、硕士及以上...,船舶/航空/航天/火车制造,http://jobs.zhaopin.com/CCL1320906230J40205690310.htm,100-299人,2025-11-13 08:53:17
高级硬件工程师,南京,合肥中科君达视界技术股份有限公司,本科,10年以上,设计,2.2-4万·15薪,1、负责组织进行大型项目系统方案设计；2、负责参与到各个项目中，参与硬件相关的技术评审，给出合理化建议和修改方案；3、负责硬件组内物料选型、原理图库检查、原理图检查、原理图checklist；4、负责协助硬件主管进行硬件技术总结、分享、梳理，进行硬件平台建设；5、负责技术预研、专利编写、培训培养。6、负责疑难问题的debug、负责组内其他组员debug思维发散，思路梳理。任职要求：1、本科及以上学...,计算机硬件,http://jobs.zhaopin.com/CC371638020J40704968406.htm,100-299人,2025-11-11 09:17:22
高级硬件工程师,南京,南京蓝魔云信息技术有限公司,本科,5-10年,"逆变器,大功率,变换器,控制器",2-4万,岗位职责：1.与团队密切合作实现控制单元硬件开发。2.主导电机控制器和功率，变换器控制器的模拟电路应用，特别是高精度、高电压、大电流的测量。3.功率级/功率板设计，电力电子子系统开发，专注于开关电源设计、IGBT 应用和栅极驱动器设计4.全面负责从系统级到硬件实现的模拟电路设计。5.根据功能安全 （ISO26262） 要求设计硬件电路。6.电路仿真、WCA 和功能分析， 热设计、可靠性设计和静态数...,计算机软件,http://jobs.zhaopin.com/CCL1215728260J40766082816.htm,20-99人,2025-10-17 17:09:39
储能系统结构工程师,南京,江苏安时商用储能系统有限公司,本科,3-5年,"箱体结构,储能系统,电气工程",2-4万,一、岗位职责：1、主要职责（1）根据设计方案和任务，完成产品及其配套部件的详细结构设计，满足设计、生产和应用的要求。（2）参与产品的试制、试验、测试工作，对结构设计方案的合理性和可靠性进行验证与确认。（3）对设计方案、图纸、文件等进行检查，避免设计疏漏和错误，保证设计质量满足要求。（4）参与技术攻关与创新。（5） 按要求完成知识产权申请和维护工作。（6） 持续优化结构设计方案，控制、优化材料、制造...,通用设备制造,http://jobs.zhaopin.com/CCL1416879130J40625124715.htm,20-99人,2025-09-04 09:58:33
资深硬件工程师（开关电源）,南京,中国长城,本科,5-10年,"OBC,车载电源,电力电子,开关电源,硬件研发,AC-DC",2-4万,"工作内容：1、 负责高功率服务器电源、通信电源、OBC车载电源产品的研发全过程的电子设计；2、 负责保证产品的功能、性能、可制造性、质量、成本等满足产品包需求；3、 负责高功率服务器电源、通信电源、OBC车载电源产品的概要设计和详细设计技术文档的输出；4、 负责产品试制的完成并做好产品批量生产后的技术维护工作；5、根据工程部，质量部和客户服务部等部门的要求,提供技术支持和培训。任职要求：1、 电力...",计算机硬件,http://jobs.zhaopin.com/CC000167020J40612367007.htm,10000人以上,2025-08-14 17:05:50
机械结构设计（AIDC电源）,南京,阳光电源股份有限公司,本科,5-10年,"AutoCAD,SolidWorks,Pro/E,钣金工艺",2-4万·15薪,职位职责：1、负责AI服务器电源产品的结构设计开发，包括概念设计、详细设计、样机制作及量产支持，确保产品满足高功率密度、散热性能及电磁兼容性要求；2、主导结构仿真分析（如热力学、力学、振动等），优化设计方案，提升产品可靠性及成本竞争力；3、协同硬件、散热、测试团队完成跨领域技术攻关，解决产品开发中的复杂结构问题；4、研究行业先进材料与工艺技术，推动结构设计创新及标准化流程建设；5、编制技术文档（B...,新能源,http://jobs.zhaopin.com/CC120598170J40692647106.htm,1000-9999人,2025-07-11 09:43:10
高级硬件工程师,南京,常州迪泰科特测控设备有限公司,本科,5-10年,"嵌入式硬件开发,传感器",2-4万,"岗位职责：1、 负责测控设备及传感器相关硬件的元器件选型、原理图设计、PCB设计及调试；2、 负责相关原理图、布线图、BOM等文件的设计，同时负责版本管理；3、 能熟练使用PIC18和STM32（M4,M0）单片机Cortex-M构架进行项目开发，掌握常用远程通信的电路设计（RS485、以太网）；4、 配合公司其他部门分析解决产品使用过程中出现的问题；5、 负责公司检测和测试设备的设计开发，根据产...",电子/半导体/集成电路,http://jobs.zhaopin.com/CC175737810J40331185109.htm,100-299人,2025-06-30 13:33:12
高级硬件工程师,南京,江苏屹信航天科技股份有限公司,本科,3-5年,"FPGA开发,硬件电路设计,ARM开发,DSP开发",2-4万,一、任职要求：1. 拥有电子类相关专业本科及以上学历，有3年以上相关工作经验；2. 精通FPGA（Xilinx平台）、ARM和DSP等硬件电路设计，具有较为丰富的高速电路设计经验，具备良好的信号完整性分析能力；3. 具有较强的责任心和执行力；学习能力强、独立性强；积极主动，工作态度认真；较强的团队合作和交流能力；具备钻研、探索、开拓精神；谦虚、严谨，有一定抗压能力。二、岗位职责：1. 按照需求完成...,船舶/航空/航天/火车制造,http://jobs.zhaopin.com/CC628083930J40349258903.htm,100-299人,2024-11-14 09:30:34
市政技术负责人,南京,中核华兴,大专,10年以上,"一级建造师（市政工程）,市政工程",2-4万,岗位职责：1.负责市政工程技术管理工作，包括组织施工方案编制、技术交底、现场技术管理、现场技术问题的解决、工程资料、现场签证、现场科研科题技术攻关、现场实验的配合等工作；2.现场技术工作的服务及改进；3.参与项目安全培训工作；4.与总包方、监理等的沟通、交流、配合等；5.配合安全环保部完成工作范围内的安全生产标准化达标工作。任职资格：1.大专以上学历；土木工程等相关专业毕业；有市政等专业高级及以...,工程施工,http://jobs.zhaopin.com/CC157508210J40473276804.htm,1000-9999人,2024-06-18 15:20:01
bms硬件开发工程师,南京,思源电气,本科,5-10年,"BMS,CMS",2-3.5万·16薪,岗位职责：1）有较好的硬件相关基础知识（数字电路、模拟电路、信号处理、电源、嵌入式系统等）；2）精通数字电路的设计和调试，熟悉相关测试仪器和开发工具的使用；3）熟悉嵌入式体系架构，精通ARM、PPC、DSP、单片机其中任意一个平台的嵌入式软硬件设计。在嵌入式系统、可编程逻辑器件（CPLD或FPGA）、模拟电路等某一方面有丰富的实际项目经验，有独立设计完整硬件产品的能力；4）熟悉常见嵌入式处理器接口...,电气机械/电力设备,http://jobs.zhaopin.com/CC000635070J40715597411.htm,1000-9999人,2026-01-11 00:21:21
高级机械开发工程师(结构开发),南京,南京LG熊猫电器有限公司,本科,5-10年,"结构设计,产品工艺,家居清洁,厨卫电器",1.8-3.5万·15薪,岗位职责：1、负责公司产品结构设计/优化，性能改善及品质保证。2、模拟和测试产品的运行情况，进行实验和数据分析。3、熟悉机械设计领域的方案设计、结构设计、部件选型、细节设计、材料选择、工艺流程及设备验证4、与采购、生产、品质等相关部门沟通，协同解决生产过程中的技术问题5、指导工程师、助理工程师开展工作任职要求：1. 5年以上洗衣机/烘干机产品结构/性能开发经验；2. 5年以上电器件产品结构/性能开...,电气机械/电力设备,http://jobs.zhaopin.com/CC120916720J40958770704.htm,1000-9999人,2026-01-10 01:10:50
飞行器结构工程师,南京,南京华昇智航科技有限公司,硕士,经验不限,"AutoCAD,CATIA,ANSYS,SolidWorks,飞机外观设计,飞机部件设计,机身设计,无人机",2-3.5万·13薪,岗位职责： 1. 负责无人机机体结构设计及强度分析，包括机翼、机身、发射回收以及地面保障设备等部件轻量化设计及结构优化； 2. 开展无人机射频天线罩以及频率选择表面结构设计以及电性能设计及仿真、无人机机翼气动弹性分析，验证结构强度； 3. 配合硬件团队完成样机开发，主导结构测试（如全机静力试验、振动试验、模拟着陆载荷落振试验），解决设计缺陷； 4 研究并应用新型航空材料或工艺，降低生产成本并提升产...,船舶/航空/航天/火车制造,http://jobs.zhaopin.com/CCL1503970380J40754618002.htm,20-99人,2026-01-09 01:02:55
高级硬件工程师（汽车电子方向）,南京,思源电气,本科,3-5年,"BMS,硬件",2-3.5万·16薪,招聘岗位主要负责12V/24V/48V汽车BMS产品开发 岗位职责 1. 根据公司流程和行业标准，负责产品硬件需求分析、硬件系统架构设计，完成BMS产品开发； 2. 负责硬件原理图的设计和优化，完成器件选型、仿真计算； 3.负责功能安全开发工作，完成硬件级FTA分析，和DFA分析，FMEDA文档编写及评审； 4. 与项目组其他人员合作，解决DV PV EMC试验中遇到的硬件问题并做好经验总结。 5...,电气机械/电力设备,http://jobs.zhaopin.com/CC000635070J40543807511.htm,1000-9999人,2026-01-11 00:20:03
基带工程师,南京,软通动力信息技术(集团)股份有限公司,本科,3-5年,"设计,硬件测试,技术支持,PCB设计,EMC设计",2-3.5万·13薪,项目优势：13薪，看重技术研发能力，项目稳定，薪资定级高，线上技术面试，面试通过率高职位描述：1、负责小米手机/PAD基带相关整体设计评估、元器件选型、设计评审；2、负责原理设计及基带单元电路的调试工作，保证项目质量和进度；3、负责PCB LAYOUT布局与设计的指导及评审；4、参与负责开发各阶段重大设计验证和重大问题闭环解决；5、负责开发部内部的技术横向拉通以，参与相关开发领域流程、标准、规范的...,互联网,http://jobs.zhaopin.com/CC000544460J40784697916.htm,10000人以上,2025-12-31 14:22:41
高级硬件工程师,南京,湖南赛德雷特卫星科技有限公司,本科,5-10年,,2-3.5万·13薪,岗位职责：1、负责关键硬件技术分析、硬件方案评估、硬件架构设计等前期预研工作；2、负责硬件方案选型、原理图设计、PCB设计，参与产品研制全流程工作；3、负责组织硬件疑难问题攻关，快速解决客户问题；4、负责核心代码的编写；5、负责硬件技术的模块化、标准化、规范化工作；任职要求：1、电子、自动化、通信等相关专业本科及以上学历，其中本科5年以上经验、硕士3年及以上经验，熟悉硬件开发流程；2、熟悉数字电路...,船舶/航空/航天/火车制造,http://jobs.zhaopin.com/CCL1486806180J40724556106.htm,100-299人,2025-12-29 11:08:33
硬件开发工程师,南京,浙江捷昌线性驱动科技股份有限公司,本科,5-10年,,2.5-3.5万·13薪,岗位职责：1、负责机器人执行器的无刷伺服驱动器、编码器硬件选型与设计。2、负责机器人执行器产品的竞品或需求分析，设计整套电控硬件方案(器件选型、原理图、PCB等)，及后续的优化升级或定制产品的开发。3、根据实际性能指标需求，参考行业或产品标准，制定执行器整机性能测试方案，并执行电控相关的测试。4、编写技术开发设计文档，产品规格文档等。5、负责解决客户端的问题反馈。6、主导硬件的批量生产导入，包括生...,电气机械/电力设备,http://jobs.zhaopin.com/CC710407320J40770612207.htm,1000-9999人,2025-12-23 14:51:25
硬件基带工程师,南京,软通动力信息技术(集团)股份有限公司,本科,5-10年,"电路设计,基带,电源",2-3.5万,职位描述：1、负责手机/PAD基带相关整体设计评估、元器件选型、设计评审；2、负责原理设计及基带单元电路的调试工作，保证项目质量和进度；3、负责PCB LAYOUT布局与设计的指导及评审；4、参与负责开发各阶段重大设计验证和重大问题闭环解决；5、负责开发部内部的技术横向拉通以，参与相关开发领域流程、标准、规范的梳理和维护；职位要求：1、本科及以上学历，电子工程、通信等相关专业；2、具有扎实的模电和...,互联网,http://jobs.zhaopin.com/CC000544460J40783902416.htm,10000人以上,2025-12-26 18:32:38
电源硬件工程师（南京）,南京,合肥乾芯科技有限公司,本科,3-5年,"硬件开发,硬件设计,硬件方案,逆变器,数字电源控制,大功率数字电源",1.8-3.5万·14薪,需要有以下任一岗位硬件设计开发经验：数字电源、逆变器。熟悉dsp（TI C2000系列）、mcu开发优先！ 岗位职责： 1.负责项目硬件系统设计和方案评估，针对需求进行前期计算仿真、原理图、PCB等设计工作 2.负责或参与产品电路方案设计，电路仿真，电路参数计算等； 3.负责或参与硬件原理图与PCB设计，联合结构完成布局设计； 4.配合对接生产体系和市场需求等 任职要求： 1.本科及以上学历； 2...,电子/半导体/集成电路,http://jobs.zhaopin.com/CCL1319830900J40659180006.htm,20-99人,2025-12-18 09:52:23
结构开发工程师/主管(J12164),南京,江苏鱼跃医疗设备股份有限公司,本科,5-10年,"注塑工艺,钣金工艺",1.8-3.5万,岗位职责:负责公司有源产品结构研发的技术规划，制定结构设计规范、技术标准及开发流程。负责新产品整机架构、内部布局、外观造型、机械传动、人机交互部件等的创新设计与详细设计。主导复杂产品的整机结构方案设计、可行性评估及技术攻关。负责产品模块或整机的结构详细设计、3D建模、工程图输出及BOM编制。参与设计评审，完成结构相关的公差分析、装配仿真、可靠性测试及设计优化。跟踪模具开发与试模过程，解决试产中的结...,医疗设备/器械,http://jobs.zhaopin.com/CC199971310J40864301503.htm,10000人以上,2025-12-17 12:51:42
硬件工程师（功率）(J11258),南京,埃斯顿,本科,3-5年,"功率,电源",2-3.5万,岗位职责:1、 负责电控柜、伺服驱动器功率板、电源板等硬件电路的设计、调试、测试以及解决EMC等疑难问题；2、 负责硬件系统架构设计，关键电路和关键器件的设计选型；3、 编写伺服驱动和电源硬件相关的文档，参与内部技术评审；4、 调研和分析行业技术发展趋势，国际/国家标准规范分析。任职要求:1、本科及以上电子、电气相关专业，工作经验研究生3年以上、本科5年以上；2、熟悉电机驱动、运控控制系统相关原理...,仪器仪表制造,http://jobs.zhaopin.com/CC243960110J40906606508.htm,1000-9999人,2025-12-16 10:27:01
电源工程师（南京）,南京,合肥乾芯科技有限公司,本科,5-10年,"PFC,LLC",1.8-3.5万·14薪,岗位职责：1.针对需求进行前期计算仿真、原理图、PCB等设计工作；2.负责或参与产品电路方案设计，电路仿真，电路参数计算等；3.负责或参与硬件原理图与PCB设计，联合结构完成布局设计；4.配合对接生产体系和市场需求等。任职要求：1.本科及以上学历；2.熟悉电力电子相关器件的选型和设计；3.熟悉电路拓扑及控制，了解PFC和LLC的原理；4.有高功率数字电源、储能等产品的新能源硬件开发2年+经验！乾芯...,电子/半导体/集成电路,http://jobs.zhaopin.com/CCL1319830900J40667769506.htm,20-99人,2025-12-18 09:51:28
机械结构工程师（园林工具）,南京,锐仕方达人才科技集团有限公司,本科,5-10年,园林工具,2.5-3.5万,任职资格：1、本科，机械制造与设计相关专业2、工作经验：5-10年园林工具（所有园林工具都可以）工作经验，3、自驱力强；福利待遇：1、周一至周五8:30-17:002、提供工作餐和宿舍（单人间）3、五险一金4、法定节假日,人力资源服务,http://jobs.zhaopin.com/CCL1236606730J40822477614.htm,1000-9999人,2025-11-17 14:29:04
bms硬件开发主管,南京,南京萨特科技发展有限公司,本科,5-10年,"设计,PCB设计,分流器相关产品",2-3.5万,岗位职责（技术 + 管理双重维度）（一）核心技术职责（延续并深化原硬件开发核心工作）1.主导嵌入式系统硬件架构设计与关键技术攻关，负责 ADC 量测电路、MCU 控制系统及周边接口（I2C、SPI、UART、CAN 等）的核心方案设计与技术选型，对硬件性能、可靠性、成本负责；2.牵头新产品系统架构评审，聚焦电源设计、信号完整性、EMC/EMI 合规、散热优化等关键领域，输出权威技术判断与优化方案，...,电子/半导体/集成电路,http://jobs.zhaopin.com/CC142528620J40773962516.htm,100-299人,2025-11-14 22:27:00
结构主管/经理,南京,南京亿高医疗科技股份有限公司,本科,10年以上,"结构设计,家用",2-3.5万,岗位职责：1、负责公司家用医疗器械产品的结构系统设计、开发和创新工作；2、领导结构团队完成产品的结构方案设计、详细设计、图纸输出、技术文件编制及归档；3、制定并执行产品结构开发计划，把控项目进度、质量和成本，确保项目按时交付；4、组织和主持结构设计相关的技术评审，解决开发过程中的重大技术难题；5、负责结构团队的搭建、人才培养和绩效管理，提升团队整体技术水平等。招聘要求：1、本科及以上学历，机械设计...,医疗设备/器械,http://jobs.zhaopin.com/CC133997410J40840002513.htm,500-999人,2025-11-07 15:39:59
产品设计（耳机、音响）,南京,歌尔股份,本科,3-5年,"非标设备,SolidWorks,AutoCAD,英语,TWS耳机",2-3.5万,岗位职责：1、负责在结构领域承担美国消费电子客户相关产品研发的职责，完成产品在结构领域的研发设计及交付工作;2、负责按 IPD 项目管理程序参与产品的结构部分开发工作，并且在项目开发过程中高效高质完成结构的相关设计和交付工作;3、负责识别客户对产品结构及相关部分的设计输入(包含有害物质管控的要求)，并体现在设计输出中，同时完成可行性分析工作;4、负责完成需求产品的结构部分设计验证、设计评审和设计改...,电子/半导体/集成电路,http://jobs.zhaopin.com/CC132726540J40729233506.htm,10000人以上,2025-10-28 15:29:11
硬件工程师（功率）(J11258),南京,埃斯顿,本科,3-5年,"电机驱动,功率",2-3.5万,岗位职责:1、 负责电控柜、伺服驱动器功率板、电源板等硬件电路的设计、调试、测试以及解决EMC等疑难问题；2、 负责硬件系统架构设计，关键电路和关键器件的设计选型；3、 编写伺服驱动和电源硬件相关的文档，参与内部技术评审；4、 调研和分析行业技术发展趋势，国际/国家标准规范分析。任职要求:1、本科及以上电子、电气相关专业，工作经验研究生3年以上、本科5年以上；2、熟悉电机驱动、运控控制系统相关原理...,仪器仪表制造,http://jobs.zhaopin.com/CC243960110J40896095708.htm,1000-9999人,2025-10-27 11:54:49
技术研发总监,南京,南京工诺科技有限公司,本科,5-10年,"研发,设计,测试,制图设计,结构设计,工艺设计,非标设备,精密设备,热处理工艺,装配工艺",3-3.5万,要求：1.统招本科10年以上工作经历或硕士以上学历6年以上工作经历2.熟悉动力传动机理，或具备动力传动类产品设计经验（例如齿轮传动、轴承选型使用等）；3. 具备团队管理能力4.具有齿轮或减速机研发设计经验,通用设备制造,http://jobs.zhaopin.com/CC142965380J40813102405.htm,20-99人,2025-10-27 00:19:22
结构工程师,南京,特来电新能源股份有限公司,本科,5-10年,,2.5-3.5万·13薪,岗位职责：1、负责整机产品结构设计，部件选型、设计图纸输出（2D、3D），编制BOM清单；2、负责新产品结构的创新与结构设计工作，保证新产品结构的合理性、可靠性、新颖性；3、负责与供应商技术对接、模具跟进，参与新产品样品装配，调试，解决产品开发中的问题；4、负责新产品开发中各个阶段的评审、试产及量产的组织、协调和跟进工作，并解决过程出现的技术问题；5、负责产品结构优化，并按照确定的优化方案升级设计...,互联网,http://jobs.zhaopin.com/CC288977830J40800087701.htm,1000-9999人,2025-10-24 16:45:51
高级硬件开发工程师,南京,南京LG熊猫电器有限公司,本科,5-10年,,1.8-3.5万·15薪,岗位职责：1.主板/显示屏 PCBA 控制电路设计、使用电路设计工具进行电路设计；2.电路设计审查和可靠性验证， 通过波形、温度、结构分析等进行设计审查和 PCBA 可靠性验证 ；3.电路部件规格变更和优化，开发新的电路元件或电路优化设计；4. 负责产品性能测试、故障分析和解决方案的制定；5. 完成相关的硬件文档编写和修改；6. 进行市场调研和技术评估，为项目提供技术支持；任职要求：1. 家用电器...,电气机械/电力设备,http://jobs.zhaopin.com/CC120916720J40958771204.htm,1000-9999人,2025-10-15 09:34:01
高级模拟电路工程师,南京,常州潞城传感器有限公司南京分公司,本科,5-10年,,2.5-3.5万,岗位职责：1、 根据产品研发的要求，承担相应部分的技术方案论证及设计、试验方案设计； 负责相关原理图、布线图等设计；2、 建立试验环境，对硬件进行开发并调试，并按照任务要求测试所承担系统的功能及指标；3、对产品微弱信号采集处理，以提高信号检测精度和稳定性。4、 进行实验验证，包括信号采集、处理和分析等工作，确保产品满足设计要求。5、 完成项目质量相关文档编写（如任务书、方案、测试报告等）、BOM等...,电子/半导体/集成电路,http://jobs.zhaopin.com/CCL1448663940J40797497707.htm,20人以下,2025-09-28 09:53:40
硬件工程师（逆变器）,南京,大恒能源,本科,3-5年,"设计,PCB设计,逆变器,储能",1.8-3.5万·15薪,岗位职责：1、独立负责光储逆变器的硬件方案设计，包括原理图设计等；2、负责硬件参数设计，元器件选型；3、负责产品开发过程中的硬件调试，产品性能，可靠性、安全以及电磁兼容等关键参数测试；4、负责追踪测试、生产、市场出现的硬件问题，优化设计；5、参与产品试制，验证及确认，对存在的问题进行处理和跟进；6、按时完成部门负责人安排的其他研发任务岗位要求：1、电力电子、电气工程、自动化等相关专业，本科及以上学...,新能源,http://jobs.zhaopin.com/CC233835380J40759780611.htm,1000-9999人,2025-08-07 14:54:58
高级硬件研发工程师,南京,南京贝伦思网络科技股份有限公司,本科,5-10年,"嵌入式硬件开发,电路设计,Layout设计,交换机,PCB设计",1.8-3.5万·15薪,工作内容：电路设计，主要涉及的芯片是CPU、交换芯片、FPGA等；电路调试，涉及板卡基础逻辑的编写，各芯片工作状态的确认，板内信号质量的确认，软硬件接口确认；后续还有文档整理及生产指导。岗位要求：1、计算机、自动化、电子或通讯类相关专业，本科及以上学历；2、具备单板原理图和PCB图设计能力； 3、有较强的硬件调试能力；4、熟悉FPGA应用和编程，熟练使用EDA设计工具，熟悉高速数字电路设计优先；5...,网络/信息安全,http://jobs.zhaopin.com/CC239912710J40437952708.htm,100-299人,2025-07-03 18:56:53
硬件工程师（电机/电源/逆变器）,南京,合肥乾芯科技有限公司,本科,5-10年,"硬件开发,硬件设计,硬件方案,电机变频器,逆变器,数字电源控制",2-3.5万·14薪,需要有以下任一岗位硬件研发经验：电机控制、变频器、数字电源、逆变器。熟悉dsp（TI C2000系列）、mcu开发优先！岗位职责：1.负责项目硬件系统设计和方案评估，针对需求进行前期计算仿真、原理图、PCB等设计工作2.负责或参与产品电路方案设计，电路仿真，电路参数计算等；3.负责或参与硬件原理图与PCB设计，联合结构完成布局设计；4.配合对接生产体系和市场需求等任职要求：1.本科及以上学历；2....,电子/半导体/集成电路,http://jobs.zhaopin.com/CCL1319830900J40635789006.htm,20-99人,2025-03-29 17:51:52
硬件工程师（电力电子方向）,南京,南京赫曦电气有限公司,本科,3-5年,硬件设计,1.8-3.5万·14薪,1、负责板级逆变器产品的功率电路原理图设计（20kw-50kw）；2、磁性元件设计和器件选型；3、IGBT与MOSFET驱动电路的设计与选型；4、主电路的参数优化设计；5、单板和产品整机的功能测试和型式试验；岗位要求：1、电力电子、电气工程、等相关专业本科以上学历；2、3年及以上电力电子行业工作经验，有电能质量产品、光伏逆变器开发经验者优先；3、熟练掌握常用拓扑电路的设计方法，能够独立设计电路参数...,电力/水利/热力/燃气,http://jobs.zhaopin.com/CC605932930J40611191812.htm,20-99人,2025-02-12 14:28:31
非标机械设计工程师,南京,苏州恒晟致远人力资源服务有限公司,学历不限,经验不限,"设计,锂电,新能源,非标设备,SolidWorks,Pro/E,CREO,汽车零部件",2.4-3万,负责自动化设备的设计工作，具备独立设计能力,人力资源服务,http://jobs.zhaopin.com/CCL1477942740J40746783206.htm,1000-9999人,2026-01-11 17:52:30
高级硬件工程师（数电）,南京,思源电气,本科,3-5年,"设计,ARM研发,FPGA研发,DSP研发",2-3万·15薪,岗位职责：1、根据模块规格要求，与软件确定软硬件划分，完成模块硬件数字部分的系统设计；2、参与项目立项要求的硬件技术数字部分评估；3、负责MCU/FPGA 系统的需求分析、规格制定及方案设计工作；4、负责产品硬件技术平台数字部分的规划和建设；5、负责解决各种数字电路技术难题，分析与MCU等逻辑设计相关的硬件板卡或系统的故障原因；6、参与编写硬件数字电路设计规范，对数字电路设计进行评审。专业知识技能...,电气机械/电力设备,http://jobs.zhaopin.com/CC000635070J40577427211.htm,1000-9999人,2026-01-11 00:26:42
结构工程师,南京,南京协澳智能控制系统有限公司,本科,5-10年,"SolidWorks,CATIA",2-3万·13薪,一、岗位职责独立完成电子产品 3D 建模，重点设计塑料件（如外壳、结构件），输出图纸和技术文档。二、任职要求专业：机械设计、材料成型等相关专业，本科及以上。软件：熟练用 软件进行 3D 建模、装配和工程图绘制。技能：熟悉 ABS/PC 等塑料材料特性，了解注塑工艺，能做结构强度分析。素质：团队协作好，能快速解决问题，有责任心。,电力/水利/热力/燃气,http://jobs.zhaopin.com/CC476899020J40838748503.htm,100-299人,2026-01-11 00:19:01
化工工艺及管道工程师,南京,中国化学工程第十四建设有限公司,本科,5-10年,"暖通工程,电气工程,市政工程,石油化工工程,环保工程,节能工程,净化工程",1.5-3万,任职要求：1.本科及以上学历，化学工程与工艺、储运、能源工程或相近专业。2.具有5年以上化工石化医药行业甲级设计院工作经验，具有大型项目设计经理或项目经理任职经历，能够全面负责项目设计工作的策划、组织、协调与控制者优先。3.具备扎实的工艺设计基础，能独立完成物料与能量衡算、PFD/P&ID绘制、危险与可操作性分析（HAZOP）等工作。4.诚实守信，具有较强的团队合作精神和沟通协调能力。积极完成公司...,工程施工,http://jobs.zhaopin.com/CC165945110J40296821909.htm,1000-9999人,2026-01-11 00:07:21
土建项目经理,南京,南京弘楠建设工程有限公司,大专,10年以上,"工业建筑,商业建筑,办公建筑,一级建造师,超高层",2-3万,1．负责工程项目从工程施工准备开始直至验收交工，以及签证结算的全过程施工管理工作。2．严格执行公司的各项规章制度，编制工程周、月及年度施工计划，对项目实施的进度、质量、成本、安全及文明施工等管理目标的最终实现负责。3．制定安全技术生产措施，负责编制项目劳动力、材料、机具设备、劳保用品、资金等的使用计划，并组织实施。4．组织施工现场布置规划，包括供水、供电、加工场地、库房和办公休息区域等协调工作，解...,工程施工,http://jobs.zhaopin.com/CC389862710J40676318106.htm,100-299人,2026-01-10 17:54:56
研发结构工程师 （美容工具）,南京,南京垠坤,本科,5-10年,"精密设备,注塑工艺,钣金工艺,焊接工艺,小型精密制品",2-3万,1、掌握市场动态和产品趋势，对公司产品改进、提升、创新，开发新产品（指甲钳、死皮剪、粉刺针等美妆个护工具）；2、对样品生制造产过程的工艺、工装等进行评估，负责样件生产过程中技术问题的跟进及解决；3、绘制产品3D、2D图档和编制相关技术文件；对项目所需的技术需求提供相应的技术解决方案；4、负责对供应商产品模具设计方案进行审核；组织开展新产品的设计验证和DV测试等工作，配合预研产品的实现和验证工作；5...,房地产开发,http://jobs.zhaopin.com/CC313519910J40915305415.htm,1000-9999人,2026-01-09 09:59:39
硬件开发主管,南京,江苏思行达信息技术股份有限公司,本科,10年以上,,2-3万,岗位职责： 1. 负责相关产品的硬件技术、方案选型及技术可行性论证；2、主导硬件开发全流程，包括需求分析、原理图设计、PCB Layout指导、元器件选型与认证等；3. 负责硬件模块的调试、测试及问题排查，制定硬件测试方案；4、配合完成产品整机测试、可靠性测试、EMC测试等，解决开发过程中及量产阶段出现的硬件技术问题；5. 负责硬件技术文档的撰写与管理，包括设计文档、BOM表、硬件设计规范、测试报...,互联网,http://jobs.zhaopin.com/CC812733890J40854365213.htm,100-299人,2026-01-08 14:47:20
硬件工程师,南京,某央企,本科,3-5年,,1.5-3万·13薪,岗位职责：1、负责智能视觉系统的嵌入式处理与感知硬件设计开发，包括成像链路、电源系统、高速接口等模块；2、参与整体系统方案设计，完成硬件子系统架构定义与关键器件选型；3、开展原理图设计、PCB Layout、制板文件编写、样机调试与验证、文档撰写等；4、协助承担相关结构开发工作，配合结构工程师开展机电集成设计，对散热、装配、EMI约束等提供硬件层面支持；5、协同算法/软件团队进行系统联调、性能验证...,互联网,http://jobs.zhaopin.com/CCL1318355140J40866296203.htm,500-999人,2026-01-08 01:07:54
PACK结构工程师,南京,欣旺达动力科技股份有限公司,本科,5-10年,,2-3万,岗位职责1、负责协同固定高工分担部分项目结构开发基础工作，编制常规结构交付物； 2、负责协同高工承担部分结构专项异常分析及验证工作； 3、负责特定异常问题机理特性分析，结合结构加工、装配总制程输出分析报告。任职要求1、本科及以上学历，机械或力学类相关专业； 2、7年以上动力pack结构关联工作(含结构设计、中工序工艺开发等），了解方形动力电芯结构、装配要求和风险点； 3、熟练应用Creo、Pro/...,新能源汽车,http://jobs.zhaopin.com/CCL1280979310J40860489303.htm,10000人以上,2026-01-07 01:07:05
机械工程师,南京,南京中汯半导体技术有限公司,本科,5-10年,"非标设备,电气设备,自动化设备",1.5-3万,岗位内容： 1. 设计和制造机械零件和系统，符合工程规范、标准和质量要求；2. 分析机械系统的性能、可靠性和安全性，并提出改进措施；3. 参与新产品开发流程中的需求分析、设计评审和测试验收；4.模拟和测试机械设备的运行情况，进行实验和数据分析；5.熟练应用带、链、齿轮、气压、液压传动器件；6.掌握各类接触式和非接触式感应器应用及选型，掌握自动化机械的各种功能部件的控制、应用；7. 编写技术报告和操...,电子/半导体/集成电路,http://jobs.zhaopin.com/CCL1514581510J40835752105.htm,20-99人,2026-01-06 20:16:48
电子硬件开发工程师,南京,南京优倍电气技术有限公司,本科,3-5年,"嵌入式硬件研发,电路设计,原理图设计,硬件开发",1.5-3万·14薪,工作职能：协助研发工程师完成工业仪表产品设计开发。从事电子电路、产品的软硬件技术研究、设计、开发、调试、集成、维护等职务描述： 测量与仪表、电子工程、自动化及其相关专业，本科及以上学历，优秀硕士应届毕业生可接受； 了解相关专业知识和了解研发业务流程；如：模电、数电、STM32 熟悉软硬件常用开发工具。如：Altium Designer、Keil 具备良好的编程风格、规范的文档编写习惯 工作严谨踏实...,仪器仪表制造,http://jobs.zhaopin.com/CCL1292857990J40103491609.htm,100-299人,2026-01-06 13:36:10
压缩机设计总工程师,南京,优尼捷(南京)压缩机有限公司,本科,5-10年,"研发,设计,非标设备,机械结构,电机设备,机械/制造,压缩机",2-3万,岗位职责：1、带领团队负责工艺气体压缩机的设计开发，样机测试，并不断改进，完成研发设计划，确保压缩机设计符合安全、质量、性能和成本目标。2、负责公司各项目的设计审核和把关工作，对设计方案、设计图纸等全部设计工作的质量把关，以及项目开发进度掌控。3、研究当前行业最新产品的技术发展方向及新产品的开发立项，以及专利技术申请。4、负责公司设计人员设计能力的提升，培养、打造和管理技术团队。5、对公司其他部门...,通用设备制造,http://jobs.zhaopin.com/CCL1488065820J40672037101.htm,20-99人,2026-01-06 13:24:51
结构设计工程师（连接器 / 接插件方向）,南京,南京协澳智能控制系统有限公司,本科,3-5年,,1.5-3万·13薪,一、岗位职责1、独立完成电子产品（重点为连接器、接插件类产品）的 3D 建模，主导塑料件（外壳、结构件）与金属部件的融合结构设计，输出精准的生产图纸及技术文档；2、负责连接器、接插件产品的结构优化，解决塑料与金属部件的装配、工艺适配问题；3、配合跨部门（如研发、生产）推进产品落地，输出结构相关的技术支持。二、任职要求1、专业：机械设计、材料成型等相关专业，本科及以上学历；2、经验：具备连接器、接插...,电力/水利/热力/燃气,http://jobs.zhaopin.com/CC476899020J40867050503.htm,100-299人,2026-01-06 00:00:02
机械研发工程师,南京,南京工艺装备制造股份有限公司,博士,经验不限,"结构设计,工艺设计,机床设备,工装设备,机加工工艺,UGNX,AutoCAD,SolidWorks,UG,研发,设计",2.5-3万,岗位职责1、主导研发计划的立项，负责规划和制定公司产品年度研发计划；2、主持研发项目的具体实施，组织人员进行重大技术公关，保证研发任务按时完成；3、组织收集行业研发信息，跟踪最新的研发发展态势；4、负责组织开展对外信息、技术交流、对新技术、新设备、新工艺、新经验进行深入调研，并在公司范围内积极推广。任职条件1、博士研究生学历，机械工程、金属材料等相关专业；2、积极主动、工作严谨、勇于担当；同时具备...,通用设备制造,http://jobs.zhaopin.com/CC186658110J40879423002.htm,1000-9999人,2026-01-05 11:03:20
高级结构设计工程师,南京,中软国际,本科,经验不限,"结构设计,3C数码",面议,任职要求1.本科及以上学历，机械设计类相关专业，专业知识扎实；2.熟悉电子消费产品结构设计，从事过手机设计3年以上，熟悉结构件开发全流程；3.熟悉手机元器件，对天线、声学、散热、ESD、EMI等知识有一定了解；4.熟练使用Creo、CAD、Office等软件，能够独立完成壳体结构设计；4.具备塑胶、金属、玻璃等材料的相关模具及加工工艺以及外观处理工艺；5.有运动机构、3D玻璃、皮革材料等设计开发经...,计算机软件,http://jobs.zhaopin.com/CC508620120J40850332812.htm,10000人以上,2026-01-05 01:33:13
高级结构工程师（充电桩）,南京,江苏鲸充新能源技术有限公司,本科,5-10年,"结构设计,直流充电桩,交流充电桩",2-3万,1.负责充电产品结构方案可行性评估;2.负责根据充电产品的需求，进行产品布局方案设计及评审;3.负责根据产品布局方案要求，进行产品结构详细设计、评审，包括:机械强度设计、钣金设计、防尘防水设计、热设计等；4.负责对项目三大维度:成本、质量、进度进行把控；5. 协助生产部门完成产品的试生产、转产工作，并解决生产过程出现的问题，处理市场反馈的相关问题。任职要求1、本科及以上学历，机械设计相关专业；2、...,计算机软件,http://jobs.zhaopin.com/CC850425000J40821893409.htm,100-299人,2026-01-05 01:25:05
高级结构工程师（储能产品方向）,南京,北京英博电气股份有限公司,本科,5-10年,"SolidWorks,AutoCAD,储能变流器",2.5-3万·13薪,岗位职责： 1.负责产品结构开发的方案设计、概要设计、详细设计及评审，确保产品结构满 足技术需求及各项国标、行标要求； 2.负责结构设计资料的输出与转产发布，包括尺寸图、装配图、零件图及结构 BOM； 3.负责研发产品外观工业设计工作及相关资料的输出； 4.解决产品在各阶段出现的结构问题并改进相关工作，配合其它部门解决产品的 试产、量产，处理产品在生产制造、质量控制等过程中发生的结构问题； 5. ...,电力/水利/热力/燃气,http://jobs.zhaopin.com/CC120656650J40723251716.htm,500-999人,2026-01-04 09:06:42
硬件工程师,南京,智联猎头,硕士,3-5年,,2-3万,1、负责智能视觉系统的嵌入式处理与感知硬件设计开发，包括成像链路、电源系统、高速接口等模块；2、参与整体系统方案设计，完成硬件子系统架构定义与关键器件选型；3、开展原理图设计、PCB Layout、制板文件编写、样机调试与验证、文档撰写等；4、协助承担相关结构开发工作，配合结构工程师开展机电集成设计，对散热、装配、EMI约束等提供硬件层面支持；5、协同算法/软件团队进行系统联调、性能验证与可靠性测...,互联网,http://jobs.zhaopin.com/CCL1318355140J40867116103.htm,10000人以上,2025-12-31 17:59:51
机械结构工程师,南京,翔宇医疗,本科,3-5年,,1.5-3万,岗位职责:1、负责参与项目的结构设计、材料选型和力学性能验证等工作；2、负责结构方案评审资料编写和组织结构评审工作，针对风险项进行改进优化；3、负责组织样机制造、装配及测试；4、负责设计阶段文档输出、审签、变更与维护；5、按照项目开发计划完成设计开发任务。任职要求:1、机械设计、模具设计、机械工程及自动化等相关专业本科及以上学历；2、5年以上医疗器械设备产品结构设计经验者优先；3、熟练掌握各种机加...,医疗设备/器械,http://jobs.zhaopin.com/CC381255110J40698622207.htm,500-999人,2025-12-31 15:24:31
BB基带工程师,南京,富士康科技集团,本科,3-5年,基带设计,1.5-3万·13薪,岗位职责：1、 负责手机终端产品基带硬件的原理图设计及layout检查修改2、 负责相关新物料料号申请和项目BOM的创建及变更3、 负责软硬件接口文文件及生产治具所需文档的产出4、 负责试量产/维修/认证等方面的技术支持及相关技术文档的撰写 5、 负责基带功能模块的性能调试优化及问题定位解决 6、 负责基带相关问题导致的客退机失效分析岗位要求：1、通信、电子及相关专业； 2、1年以上手机及相关产品...,电子设备制造,http://jobs.zhaopin.com/CC146033880J40671685001.htm,10000人以上,2025-12-30 09:57:36
专利工程师/专利代理师,南京,北京龙双利达知识产权代理有限公司,硕士,无经验,"无线通信,移动通信,数据通信",1.5-3万,职业发展 这里没有代码和实验室，也不存在森严的等级，不以年龄论资排辈，仅凭专业能力便可傲视群雄，不需要职场的勾心斗角，35岁是正当年绝不存在被“毕业”。“人生就像滚雪球，最重要之事是发现湿雪和长长的坡。”技术会迭代，技术积累不会清零，法律会更新，法律理解不会失去意义。 在龙双，你将永远处在科技浪潮的前沿，始终快人一步一睹未来风采，你将有更多机会与各行各业的技术大咖碰撞出智慧的火花，你可以尽享谈笑有...,专利/商标/知识产权,http://jobs.zhaopin.com/CC184213220J40734714005.htm,100-299人,2025-12-29 00:38:01
结构总体设计师**,南京,南京华昇智航科技有限公司,本科,3-5年,,1.8-3万,岗位职责：熟练掌握机械设计，结构优化，材料性能，热设计方面的技能，可熟练运用CAD，CATIA，SolidWorks等软件进行二维设计，三维建模等。岗位条件： 三年以上工作经验，本科以上学历。 能够进行跨学科工作协作，与电子工程师等进行配合工作，对项目管理有所了解。 岗位待遇： 年薪30～40万。可提供股权激励。 对雷达结构设计和集成设计有所了解，对电磁兼容性设计有经验的待遇从优。 工作地点：江苏...,船舶/航空/航天/火车制造,http://jobs.zhaopin.com/CCL1503970380J40889051402.htm,20-99人,2025-12-25 13:52:39
硬件工程师（央企事业型单位招聘新成立的）,南京,智联猎头,硕士,3-5年,,1.5-3万,【职责描述】：1、负责智能视觉系统的嵌入式处理与感知硬件设计开发，包括成像链路、电源系统、高速接口等模块；2、参与整体系统方案设计，完成硬件子系统架构定义与关键器件选型；3、开展原理图设计、PCB Layout、制板文件编写、样机调试与验证、文档撰写等；4、协助承担相关结构开发工作，配合结构工程师开展机电集成设计，对散热、装配、EMI约束等提供硬件层面支持；5、协同算法/软件团队进行系统联调、性能...,互联网,http://jobs.zhaopin.com/CCL1318355140J40865968403.htm,10000人以上,2025-12-25 11:06:02
机械工程师,南京,浙江永贵博得交通设备有限公司沈阳分公司,本科,3-5年,"轨交行业,非标设备,SolidWorks,AutoCAD,产品调试,现场技术支持",1.6-3万,一、岗位职责 1、负责产品设计工作，满足开发进度要求；2、产品调试、试验、现场技术支持。负责搜集、整理国内外产品发展信息，完善公司产品的机械设计工艺性； 二、任职标准 三年以上机械设计经验，从事过轨道交通行业者优先。 1、具备机械、电子等专业知识，熟练使用CAD、Solidworks等三维绘图软件及日常办公软件； 2、能够独立完成产品机械结构设计，并分析解决产品技术问题； 3、具备沟通协调与计划能...,金属制品业,http://jobs.zhaopin.com/CC880952130J40901416008.htm,300-499人,2025-12-23 00:00:00
硬件工程师（功率）(J11258),南京,埃斯顿,本科,5-10年,功率,2-3万,岗位职责:1、 负责电控柜、伺服驱动器功率板、电源板等硬件电路的设计、调试、测试以及解决EMC等疑难问题；2、 负责硬件系统架构设计，关键电路和关键器件的设计选型；3、 编写伺服驱动和电源硬件相关的文档，参与内部技术评审；4、 调研和分析行业技术发展趋势，国际/国家标准规范分析。任职要求:1、本科及以上电子、电气相关专业，工作经验研究生3年以上、本科5年以上；2、熟悉电机驱动、运控控制系统相关原理...,仪器仪表制造,http://jobs.zhaopin.com/CC243960110J40906497308.htm,1000-9999人,2025-12-15 16:22:24
工业设计工程师,南京,南京龙航国健电子科技有限公司,本科,1-3年,,1.5-3万,职位描述1． 有航空零部件制造/机械/电子/复合材料等设计开发工作经验。2． 本科及以上学历，专业不限制，但要有设计能力以及理论基础。3． 英语CET-4或通过公司的专业英语考核，能熟练使用OFFICE办公软件。4. 合作推进重要维修项目，选定方案并实施新修复方案.硬性要求：熟悉数字电路和模拟电路设计，至少会一种PCB板画图软件操作和一种单片机软件编写。有设计和开发的工作经验有限考虑~,仪器仪表制造,http://jobs.zhaopin.com/CCL1201581780J40848802513.htm,20-99人,2025-12-13 01:41:30
高级硬件工程师（全球化工作机会）,南京,江苏省精创电气股份有限公司,本科,3-5年,"硬件设计,电机控制",1.5-3万,公司优势及福利：1、国内冷链物联网与仪器仪表行业龙头企业，具有200+人的研发工程师团队； 2、全球化战略布局，在美国硅谷、英国伦敦、波兰、巴西、俄罗斯等地设有海外全资子公司，深圳、南京、上海设有国内分子公司； 3、拥有行业内自动化程度出众的智能化工厂，国际化、多元化的研发中心； 4、股权激励、职位晋升、海外工作机会、弹性工作制、五险一金等。岗位职责：1、负责衡器产品的开发，包括需求与规格分析、元...,仪器仪表制造,http://jobs.zhaopin.com/CC143355760J40814132611.htm,500-999人,2025-12-12 14:54:03
机械工程师（结构/传动/密封）,南京,南京德拜自动化科技有限公司,本科,3-5年,"非标设备,自动化设备,机床设备",1.5-3万,岗位职责 薪水面谈 负责伺服电机及驱动轮模组的结构规划与具体设计工作：包括但不限于进行强度与寿命评估、公差分析与优化、密封结构设计及IP防护等级确定，以及散热方案的设计与验证。 进行关键零部件的选型与BOM表的编制：具体涉及轴承、密封件、联轴器、紧固件、出线接头等各类标准件及定制件；完成二维工程图纸的绘制，并明确工艺关键点及技术要求。 主导或参与样机的试制与装配过程，验证实际装配公差匹配性，基于可...,工业自动化,http://jobs.zhaopin.com/CC540053180J40823815905.htm,20-99人,2025-12-12 00:33:41
fpga开发工程师,南京,南京长峰航天电子科技有限公司,硕士,1-3年,,2-3万,岗位职责:1、信号处理硬件平台规划设计，根据指标功能评估配置硬件资源，明确控制接口； 2、FPGA信号处理功能研发； 3、验证信号处理相关功能及指标。任职要求：1、具有数字信号处理理论基础，熟练使用Matlab等工具软件； 2、熟悉通用信号处理平台架构，了解高速A/D、D/A、DDR_SDRAM等硬件控制接口。掌握Cadence或Autium Designer等常用硬件开发工具，熟悉信号完整性和电...,电子/半导体/集成电路,http://jobs.zhaopin.com/CC148871510J40629046207.htm,500-999人,2025-12-08 20:39:36
硬件工程师,南京,南京信为峰光电科技有限公司,本科,1-3年,"项目管理,设计,技术支持,Cadence,FPGA研发,国产化,硬件开发,单片机,硬件电路设计",1.5-3万·13薪,"岗位职责:a) 负责产品硬件相关的原理框图、原理图设计和PCB设计；b) 负责完成硬件调试与硬件相关的测试；c)编写硬件工艺文件、调试作业指导书等文档;任职要求:a) 统招本科及以上学历三年工作经验，电子、计算机、控制及相关专业;；b) 精通电子技术,精通硬件开发工具Cadence；c) 熟悉国产化CPU、FPGA或者AI芯片等至少一种硬件处理器设计。d).熟悉OpenVPX、ATCA、CPEX标...",军工制造,http://jobs.zhaopin.com/CC481356130J00378419406.htm,20-99人,2025-12-06 00:00:03
硬件工程师,南京,图漾科技,本科,3-5年,"FPGA研发,PCB设计,原理图设计,硬件系统设计开发,XILINX FPGA平台",2-3万,岗位职责：1、从事FPGA或者ARM SoC平台硬件系统设计开发；2、完成元器件选型、原理图设计、PCB设计、调试、优化等工作；3、与生产部门协作解决生产的相关问题；4、编写各种文档和标准化资料。岗位要求：1.大学本科以上学历，有3年以上硬件研发经验，有丰富的硬件设计项目经验；2.精通原理图和PCB设计，精通Altera或者Xilinx FPGA平台，熟练使用电路设计软件；熟练掌握PCB Layo...,电子/半导体/集成电路,http://jobs.zhaopin.com/CC365767730J40811916507.htm,100-299人,2025-12-04 15:37:18
产品研发高级设计师,南京,德力股份,大专,10年以上,"结构设计,工艺设计,造型设计,3D MAX,CAD,SolidWorks",2-3万,负责公司新品创新研发和设计，并达到提升销售指标和市场开发的目标1、具有不低于10年产品经理或产品设计岗位经验；2、产品设计等专业；3、英语能力：CET-6及以上,金属制品业,http://jobs.zhaopin.com/CC398866820J40869285502.htm,1000-9999人,2025-11-28 10:01:49
高级硬件工程师,南京,合肥中科君达视界技术股份有限公司,本科,5-10年,"设计,EMC设计,PCB设计,FPGA研发",2-3万·14薪,岗位职责：1. 负责产品的元器件选型及验证、硬件方案文档编写；2. 负责原理图符号、原理图电路设计；3. 熟悉模拟电路，掌握运放、DC/DC、LDO等器件的工作原理及特性。4. 负责PCB设计检查，指导PCB设计，整机堆叠评估；5. 负责生产资料的输出与维护（BOM&技术变更说明），生产问题跟踪；6. 负责疑难问题的debug、负责组内其他组员debug思维发散，思路梳理；7. 负责硬件平台建设需...,计算机硬件,http://jobs.zhaopin.com/CC371638020J40735291906.htm,100-299人,2025-11-27 13:52:39
结构主任设计师,南京,江苏林洋新能源科技有限公司,本科,10年以上,,2-3万,岗位职责：1、负责光伏电站项目的整体结构设计与规划，确保项目符合安全、规范及客户需求。 2、对现有光伏电站结构进行评估和优化，提高其稳定性和耐用性。3、领导团队完成复杂结构工程的设计和施工管理，包括但不限于钢结构设计。4、制定并实施项目进度计划，确保按时按质完成任务。5、与其他专业工程师紧密合作，解决结构设计中的技术问题。6参与项目投标工作，提供专业的结构设计方案和技术支持。7、定期培训和指导团队...,新能源,http://jobs.zhaopin.com/CC495671420J40727155907.htm,1000-9999人,2025-11-27 00:19:20
高级硬件工程师,南京,南京市华舟技术有限公司,本科,5-10年,设计,1.6-3万,岗位职责：1. 负责计算/交换机产品硬件方案设计2. 解决计算/交换机产品硬件调测相关问题3. 硬件域技术管理，技术预研工作岗位要求：1. 电子通信相关专业，本科以上学历2. 5年以上硬件开发经验3. 熟悉网络交换芯片硬件设计，或熟悉ARM处理器产品软硬件设计4. 熟悉电源、时钟、电平转换、DDR3/4等单元电路设计5. 熟悉单元电路的PCB布局布线要求，熟悉高速serdes（10G/25G）设计...,电子/半导体/集成电路,http://jobs.zhaopin.com/CCL1270052270J40969236804.htm,20-99人,2025-11-25 20:17:08
高级硬件工程师,南京,南京易信同控制设备科技有限公司,本科,10年以上,"电路设计,设计,传感器",2-3万,一、岗位职责1、负责硬件产品的研发工作，包括硬件方案设计、电路设计、FPGA数字电路设计等。2、负责硬件产品单板的器件选型、原理图和PCB Layout设计、性能调试等。3、负责硬件研发过程中数模电路的设计、调试、测试、及外场实验联调。4、主导按照要求或客户要求编写产品研发文档，负责产品相关技术文档的编写和维护。 5、主导跟踪前期生产，指导监督全部生产过程，及时解决生产中遇到的问题。6、参与项目的...,专用设备制造,http://jobs.zhaopin.com/CC278325780J40777373905.htm,20-99人,2025-11-25 18:26:31
高级机械结构设计工程师,南京,江苏正分科技有限公司,本科,5-10年,"非标设备,SolidWorks,AutoCAD,离心机,机加工",1.5-3万,岗位职责：1. 负责公司产品的机械设计，参与产品的研发和优化工作。2. 根据产品需求，进行设备选型、结构设计和详细设计。3. 编写机械设计相关的技术文件和图纸。4. 对生产、组装、调试等过程提供技术支持和指导。岗位要求：1. 本科及以上学历，机械设计制造及其自动化相关专业。2. 具备5年以上机械设计经验，有化工设备设计经验者优先。3. 熟悉机械设计相关软件，如AutoCAD、SolidWorks等...,通用设备制造,http://jobs.zhaopin.com/CCL1473679880J40890342615.htm,20-99人,2025-11-19 14:03:24
机械结构工程师,南京,零重力飞机工业(合肥)有限公司,本科,3-5年,,1.5-3万·14薪,岗位职责：1．根据总体要求负责多旋翼、倾转飞机的结构设计；2．负责已有机型的结构优化设计；3．负责结构的三维与二维出图，BOM整理；4．负责编制相关的设计报告、制造技术要求等文件；5．负责复材结构的选材，铺层设计；6．负责与强度岗位沟通，根据结果迭代结构设计；岗位要求：1.飞行器设计专业/复合材料专业/机械设计专业，有航空或无人机领域从业背景；2.硕士学历及以上，结构设计工作3年以上工作经验；或者...,船舶/航空/航天/火车制造,http://jobs.zhaopin.com/CCL1443361050J40797049401.htm,100-299人,2025-11-18 18:09:48
机械设计工程师,南京,安徽玉龙电力科技有限公司,学历不限,10年以上,"设计,研发,制图设计,结构设计,工艺设计,SolidWorks,AutoCAD,机床设备,装配工艺,焊接工艺",1.5-3万,公司主要研发：1、生产电厂设备配件，提供技术方案和改造服务，为电厂提供设备维护和技改的专业厂家；2、制造数控旋风铣床，加工制造高端装备产品，为企业提供机床设备和加工产品的服务。注：欢迎自带火力发电厂、垃圾电厂、机床等相关产品设备谈合作！工作地点在安徽马鞍山含山县经济西区开发区！ 厂内有免费食堂（中餐）、寝室。岗位职责：（2个方面） [电厂方面]：1、负责电厂机械专业技改等项目的图纸设计、材料选型及...,电气机械/电力设备,http://jobs.zhaopin.com/CC859300500J40892596204.htm,20-99人,2025-11-13 13:16:53
硬件工程师,南京,北京鲲鹏凌昊智能技术有限公司,本科,3-5年,,2-3万,"岗位职责：1、产品的硬件设计，参与研发计划的制定，并按产品研发计划完成自己所担负的产品硬件研发任务；2、紧密跟踪新的处理器与计算技术趋势，及时了解和学习最新的嵌入式产品和技术、扩展知识面；3、承接硬件研发任务及研发验证等任务, 并及时归档以确保技术资料安全完整；4、自己负责的项目，在技术层面起主导作用，积极配合保证项目顺利进行；5、协助部门主管，完善研发流程，在工作中严格遵循现有流程；6、及时向主...",计算机硬件,http://jobs.zhaopin.com/CC526774020J40732485706.htm,100-299人,2025-11-11 11:11:22
结构工程师（电磁继电器）,南京,南京协澳智能控制系统有限公司,本科,5-10年,自动化设备,1.5-3万·13薪,一、岗位职责1、设计与开发：负责电磁继电器的结构设计，包括外壳、磁芯、线圈及其他部件的设计，确保其满足性能和耐久性要求。2、力学分析：进行电磁继电器的力学性能分析，评估其在各种工作条件下的强度、稳定性和可靠性。3、电磁特性分析：分析电磁继电器的电磁特性，包括电流、电压和频率等参数，优化设计以提高性能。4、项目管理：参与项目的规划和进度管理，确保电磁继电器的设计和开发按时完成。二、任职要求1、学历：...,电力/水利/热力/燃气,http://jobs.zhaopin.com/CC476899020J40632391003.htm,100-299人,2025-11-11 09:39:19
电子硬件工程师,南京,南京晶捷生物科技有限公司,本科,10年以上,"PCB,EMC,模拟电路",2.5-3万·13薪,岗位职责: 1、负责产品的硬件架构设计、原理图、PCB开发 2、负责产品的电子器件选型评估，以满足对性能、成本要求； 3、负责产品的电路系统装调工艺，及板卡的性能测试验证； 4、负责产品的电路系统测试工装设计； 5、负责产品EMC、安规等合规性设计 6、负责产品相关技术文档输出，原理图纸与PCB加工图纸输出及工艺文件输出； 7、负责产品转产相关工艺文件输出及转产相关事宜的支持 任职要求: 1、本科...,医疗设备/器械,http://jobs.zhaopin.com/CC659275730J40796620111.htm,100-299人,2025-11-04 14:49:41
硬件开发工程师,南京,南京莱斯电子设备有限公司,硕士,3-5年,,2-3万,岗位职责：1.参与项目硬件的方案设计、元器件选型；2.负责原理图设计；3.负责硬件调试、测试和试验；4.负责设计相关文档拟制。任职要求1.有飞腾、瑞芯微、海思等国产化处理器项目开发经验；2.熟练使用Cadence等开发工具；3.熟练使用示波器等测试仪器；4.具有良好的沟通能力及团队合作精神。,通信/网络设备,http://jobs.zhaopin.com/CC630866830J40648689002.htm,100-299人,2025-11-04 00:00:01
机械结构工程师,南京,航天国器智能装备(江苏)有限公司,本科,3-5年,机械设计,1.5-3万·14薪,岗位职责：1、无人机结构方案设计及优化；2、无人机整机结构件、测试工装件等零件设计、跟产、试装配及调试等；3、负责产品验收过程中的技术把关，开发并持续改进产品各阶段相关问题，提升结构可靠性;4、负责复合材料结构设计和优化。任职要求：1、本科及以上学历，飞行器结构设计、机械设计等相关专业；2、具有3年以上无人机结构设计岗工作经验，熟悉相应的设计流程和设计方法；3、熟练运用Catia等相关专业软件，熟...,船舶/航空/航天/火车制造,http://jobs.zhaopin.com/CCL1320906230J40140444010.htm,100-299人,2025-10-27 11:59:09
硬件工程师,南京,江苏宁锦技术有限公司,本科,1-3年,"设计,技术支持,硬件测试",1.7-3万,"1.本科、硕士学历。三年（本科）/一年（硕士）以上工作经验者优先；2.熟练高速数字、高频模拟及混合电路设计。3.熟悉Altium Designer或Orcade, Allego等设计软件使用；4.熟练掌握电路测试方法，熟悉信号源、频谱仪、网络分析仪等常用仪器的操作使用。5.参与过复杂无线通信系统设计或持有电路设计工程师认证等相关证书者优先。",通信/网络设备,http://jobs.zhaopin.com/CCL1493933870J40768758813.htm,20-99人,2025-10-22 13:00:01
高级结构设计工程师-工业连接器 (MJ001358),南京,南京菲尼克斯电气有限公司,本科,5-10年,"注塑工艺,冲压工艺,铸造工艺,技术预研",1.5-3万·16薪,岗位职责：1、负责工业连接器产品的技术预研和技术突破，确定技术规范，负责方案设计及实施总结；2、根据业务发展需求，参加标准制定讨论并提供产品技术咨询；3、根据项目计划安排以及项目研发流程，确认技术规范，主要负责创新性产品的整体方案设计和结构设计以及在OSM及MM的数据创建；4、负责设计的验证及放行，DFMEA，负责零件及成品放行；5、负责所属领域的技术指导及难题解决； 6、熟悉最新技术、市场趋势及...,工业自动化,http://jobs.zhaopin.com/CC405548310J40839877312.htm,1000-9999人,2025-10-16 14:37:31
机械工程师,南京,江苏创翎智能科技有限公司,本科,3-5年,"机械设计,Solidworks,AutoCAD,机械结构研发,机械制造,非标自动化系统,智能装备",1.5-3万,岗位职责：1、负责非标机电产品的设计、制作和技术支持。2、负责产品机械结构、机械部件的研发与设计以及各种材料选用，以及产品机械结构的机械改进。3、负责落实执行部门制定的设计要求和规范，整理技术文献编写技术文档。4、产品结构的零件设计，确保结构设计的合理性，出2D图纸、结构BOM清单。5、解决现有产品量产过程中出现的问题，完成整机结构件图纸和文件整理归档和标准化。6、配合销售，完成相应技术调研，可独...,工业自动化,http://jobs.zhaopin.com/CCL1384896890J40261311916.htm,20-99人,2025-10-15 14:40:50
技术管理中心总监,南京,江苏汉冶集团有限公司,本科,10年以上,建筑施工管理,2-3万,岗位职责：1. 全面负责公司技术中心管理工作；2. 参与公司发展战略计划的制定，负责公司技术管理制度的制定；3. 参与公司重大技术问题的决策，负责公司技术队伍建设和管理，负责技术人才培养；4. 负责公司签订项目的启动、项目计划审定、项目实施全过程的技术相关工作；5. 负责协调解决项目实施过程中各部门间的各类技术问题；6. 领导公司技术人员完成公司运营项目的技术部分；7. 负责公司项目技术方案的确定...,装饰装修,http://jobs.zhaopin.com/CC382637880J40732392613.htm,100-299人,2025-10-11 00:15:43
市政工程项目经理,南京,江苏省建信招投标有限公司,大专,5-10年,"市政施工,一级建造师（市政工程）,二级建造师（市政公用）",2-3万,1、市政、园林等相关专业、大专以上学历，具有高级职称或市政公用工程一级注册建造师执业资格证书； 2、具有一定的施工项目组织能力； 3、承接过市政工程项目，具有相应业绩； 4、年薪30万以上。,房地产开发,http://jobs.zhaopin.com/CC433814410J40408074906.htm,100-299人,2025-09-22 10:01:04
技术研发中心机械设计工程师,南京,中交路桥建设有限公司,本科,3-5年,"研发,设计,测试,建筑机械",1.5-3万,岗位职责： （1）负责工程机械装备研发设计、自动化改造、制造厂家对接等工作； （2）总结技术经验，开展内部交流培训工作； （3）开展行业最新技术情报、技术成果收集工作； （4）开展本部室相关的技术成果整理、总结及归档。 任职条件： （1）机械设计制造及其自动化等相关工科专业，硕士研究生学历优先； （2）P2岗位要求助理工程师及以上，P3-P4工程师及以上职称； （3）具有3年以上岗位职责相关工作经...,工程施工,http://jobs.zhaopin.com/CC466035710J40602990503.htm,1000-9999人,2025-09-12 00:00:04
金属结构工程师,南京,南京市水利规划设计院股份有限公司,本科,经验不限,,1.5-3万,1、本科及以上学历、金属结构相关专业； 2、有高级工程师（金属结构专业）证书。 具体薪酬面议,电力/水利/热力/燃气,http://jobs.zhaopin.com/CC144232730J40865554608.htm,500-999人,2025-09-09 17:03:17
硬件开发工程师,南京,南京东睿智行科技有限公司,本科,3-5年,"设计,硬件测试,技术支持,PCB设计",1.5-3万·13薪,技能能力：1、熟悉硬件设计相关软件，掌握汽车电子硬件设计相关事项。 2、熟练掌握单片机设计，电源设计，CAN/LIN/以太网等常用通讯设计。 3、学习并熟知汽车电子EMC及电性能相关实验要求及设计注意事项。4、从事过基于NXP、Infineon等系列 32位单片机做过硬件产品开发设计的优先。 5、从事汽车电控产品硬件设计3年以上经验者优先。 6、英语四级以上，可看懂芯片英文数据手册。岗位职责：1、...,新能源汽车,http://jobs.zhaopin.com/CCL1493377430J40722315401.htm,20-99人,2025-09-02 09:30:14
电气硬件工程师 (MJ004714),南京,阳光电源股份有限公司,本科,5-10年,电气硬件,1.5-3万·15薪,岗位职责:1、负责DCDC功率硬件需求评估，完成功率器件、磁件等关键器件的设计选型及损耗评估；2、识别相关硬件技术风险，主导攻关技术开发问题，制定验证计划；3、参与产品开发过程中的技术评审，如硬件详细设计，原理图及PCB设计；4、能够与公司相关技术部门紧密合作，提高研发效率。任职要求：1、熟练掌握Boost、Buck等非隔离DCDC拓扑和移相全桥、LLC、DAB等隔离DC/DC拓扑；2、熟练掌握P...,新能源,http://jobs.zhaopin.com/CC120598170J40711059106.htm,1000-9999人,2025-09-01 15:59:48
真空技术研发工程师（复合集流体设备）,南京,深圳杰思伟业控股股份有限公司,本科,3-5年,"研发,设计,复合集流体,真空镀膜,真空方向专业",1.5-3万·13薪,岗位职责：主导或参与锂电复合集流体镀膜真空装备的设计开发与制造优化，目前正在组建技术团队中，职位可沟通；岗位要求1、统招本科以上学历，硕士以上优先考虑，机械、真空技术方向相关专业；2、3年以上工作经验，有 复合集流体、锂电箔材 领域经验者优先。3、掌握相关的理论知识，愿意在该行业长期发展。4、沟通协调能力良好，具备良好的职业道德素养。,新能源,http://jobs.zhaopin.com/CCL1480656260J40750725316.htm,10000人以上,2025-09-01 10:17:25
硬件设计开发工程师,南京,南京东睿智行科技有限公司,本科,3-5年,"设计,硬件测试,技术支持,PCB设计",1.5-3万·13薪,技能能力：1、熟悉硬件设计相关软件，掌握汽车电子硬件设计相关事项。 2、熟练掌握单片机设计，电源设计，CAN/LIN/以太网等常用通讯设计。 3、学习并熟知汽车电子EMC及电性能相关实验要求及设计注意事项。4、从事过基于NXP、Infineon等系列 32位单片机做过硬件产品开发设计的优先。 5、从事汽车电控产品硬件设计3年以上经验者优先。 6、英语四级以上，可看懂芯片英文数据手册。岗位职责：1、...,新能源汽车,http://jobs.zhaopin.com/CCL1493377430J40722315801.htm,20-99人,2025-09-02 09:30:08
机械结构设计师,南京,南京蔚蓝智能科技有限公司,本科,经验不限,,1.5-3万,职责描述：1. 参与机器人产品总体方案设计，制定结构设计方案，完成产品结构方向开发、设计、验证及导入量产；2. 负责设计和改进结构，解决产品在设计开发与量产阶段的相关问题，维护产品状态，确保结构稳定性；3. 与工业设计及多学科团队合作，优化机械结构、外观及运动性能，提升机器人寿命与整体品质；4. 为产品的售前、生产及售后环节提供技术支持，完成型式实验设计、报告编写及产品设计文件的归档。任职要求：1...,人工智能,http://jobs.zhaopin.com/CCL1271172070J40945631604.htm,100-299人,2025-08-25 17:57:12
数字硬件开发工程师-通号紫金公司,南京,通号低空智能科技有限公司,硕士,3-5年,低空经济,2-3万,岗位职责：1. 负责公司基站、终端产品的数字硬件单板开发和测试工作；2. 完成公司相关产品的硬件方案设计、原理图设计，layout评审，以及单板bring-up，功能调试；3. 完成相关产品的硬件信号测试，功能测试等等工作；4. 负责产品相关物料的选型、验证以及性能测试；5. 参与内部以及生产阶段的硬件问题排查定位；岗位要求：1. 硕士及以上学历，通信工程或电子工程相关专业；2. 3年以上硬件电路...,IT服务,http://jobs.zhaopin.com/CC399602780J40797857002.htm,300-499人,2025-08-22 11:00:54
技术经理（真空泵）,南京,南京欧德工程技术有限公司,本科,经验不限,,2-3万,工作内容：负责开发、管理和实施真空泵系统的集成和维护，以确保系统的稳定性、可靠性和安全性。该职位的主要职责包括：1、研究并分析真空泵系统的技术规格，了解产品的工作原理、特性以及各种规格，从而对真空泵系统进行全面的评估；2、根据项目需求，撰写系统集成经理的方案，并负责组织、协调和技术监督；3、 确定真空泵系统集成经理的工作任务，制定合理的计划，对项目进度进行监督和控制；4、与产品制造商、系统供应商和...,石油/石化,http://jobs.zhaopin.com/CC308372780J40711112204.htm,20-99人,2025-08-18 13:06:09
电机结构工程师,南京,南京蔚蓝智能科技有限公司,本科,经验不限,,1.5-3万,职责描述：1.负责电机结构的开发设计，确保项目的技术部分按时完成；2.熟悉电机相关仿真分析和仿真软件Ansys workbench/CFD等，如：转子模态分析、强度分析、电机系统散热分析；3.具有电驱（电机+减速器）结构与齿轮箱、电机振动耦合相关经验，能通过噪音、振动报告发现缺陷频谱；4.负责设计优化以及相关的各种工程更改，熟悉规范变更并制定变更释放计划；5.对电机产品进行分析、测量和测试。任职要...,人工智能,http://jobs.zhaopin.com/CCL1271172070J40944364704.htm,100-299人,2025-08-21 16:55:17
高级硬件工程师,南京,南京帝淮电子科技有限公司,本科,经验不限,"通信工程,硬件开发,原理图设计,硬件测试,硬件调试,硬件电路设计,C,电路设计",1.6-3万,岗位职责：电子电路设计、嵌入式底层软硬件开发，熟悉单片机软硬件，可根据产品功能需求设计电路图，完成PCB板及软硬件整合，熟悉射频、通信，及驱动、控制回路设计，对开关量、模拟量驱动控制有一定了解，无线模块控制方面精通或熟悉。任职要求：1）具备开发产品设计能力，精通逻辑电路、模拟电路、数字电路设计；2）具备C编程能力；3）良好的焊接水平，产品调试能力；4）熟悉底层驱动程序的开发和调试；5）熟悉应用层软...,通信/网络设备,http://jobs.zhaopin.com/CC546626123J90250015000.htm,20人以下,2025-08-14 00:29:22
电源硬件工程师,南京,南京北方慧华光电有限公司,本科,5-10年,电源,2-3万,工作内容：1、负责公司DC/AC类或逆变电源技术平台的搭建及现有平台的优化；2、负责相关产品的设计工作；3、指导初级工程师完成相应的测试、文件整理等工作。任职要求：1.电力电子相关专业，统招本科及以上学历，本科8年或硕士5年相关电源工作经验；2.精通大功率AC-DC或DC-DC电源设计经验，熟练应用 saber、mathcad、matlab仿真软件进行拓扑电路及控制仿真和计算，熟悉各种拓扑电路及设...,电子/半导体/集成电路,http://jobs.zhaopin.com/CC142953820J40761646309.htm,100-299人,2025-07-29 12:17:10
齿轮及减速器结构设计工程师,南京,南京蔚蓝智能科技有限公司,本科,经验不限,,1.5-3万,职位描述：1.精通各种齿轮设计及校核，齿轮设计软件KISSsoft应用； 2.齿轮减速箱振动、噪音仿真分析，Ansys/LMS等工程仿真经验；3.熟悉不同工况，齿轮材料定义，及齿轮处理工艺；4.熟悉齿轮各环节加工工艺及常规使用设备；5.熟练电机及齿轮传动系统尺寸链设计及计算分析；6.能根据项目方案要求，设计相应变速箱系统；7.熟悉齿轮样品检测，后期量产质量管控；8.常规结构设计软件能力要求：UG/...,人工智能,http://jobs.zhaopin.com/CCL1271172070J40944363504.htm,100-299人,2025-08-21 16:53:05
机械设计师,南京,江苏越升科技股份有限公司,本科,3-5年,"机械设计,机械工艺设计,机械制图,机械装配设计",1.5-3万·13薪,职位要求1.根据客户要求完成非标部分的设计，方案制定、可行性分析。2.图纸整理存档标准化、绘制非标机械部件完整的装配图、出写详尽的BOM清单、零件图纸的绘制，参与产品加工过程中的过程跟踪质量跟踪。3.原有设备辅机的整机装配工艺组装优化、组件结构优化、零件工艺性优化。4.专利申请、编写设备说明书。5.与电气工程师配合完成设计制造，负责选型设备中用到的外购件元器件选型。生产现场设备调试中参与现场指导、...,电气机械/电力设备,http://jobs.zhaopin.com/CC492705120J40697674401.htm,100-299人,2025-06-24 17:01:27
计算机硬件模组设计工程师,南京,江苏开凡信息技术有限公司,本科,3-5年,"设计,PCB设计,硬件测试,技术支持",1.5-3万·13薪,岗位职责1、负责硬件模组的需求分析、架构设计及器件选型，完成原理图、PCB 设计与仿真验证。2、协调研发团队推进项目开发，跟踪进度并解决技术难点，确保按时交付原型机与测试报告。3、协同软件、结构团队完成系统联调，支持产品量产及生产问题解决。4、参与生产工艺优化，监督 BOM 成本控制，确保量产良率及交付质量。5、负责产品全生命周期维护，收集用户反馈并推动模组迭代升级。6、编写硬件设计文档、测试规范...,通信/网络设备,http://jobs.zhaopin.com/CCL1467066590J40729394010.htm,20人以下,2025-03-24 13:52:19
电子硬件工程师,南京,南京蔚蓝智能科技有限公司,本科,经验不限,,1.5-3万,主导四足机器人硬件模块的设计与实现，包括电路设计、硬件调试、测试和维护等工作，以确保产品的性能、可靠性和安全性。职责描述：1. 负责四足机器人硬件的设计、开发、测试和维护工作；2. 根据产品需求和技术路线，进行硬件原理图和PCB设计，并完成样机制作和调试；3. 负责四足机器人电源管理、传感器数据采集、控制系统和通信系统等硬件模块的开发和调试；4. 跟踪行业最新技术动态，优化四足机器人整体方案设计，...,人工智能,http://jobs.zhaopin.com/CCL1271172070J40944361404.htm,100-299人,2025-08-21 16:50:26
逆变器硬件工程师,南京,欧陆电气,本科,3-5年,"硬件开发,PCB设计,电路设计,嵌入式硬件研发",2-3万·15薪,任职要求：1、本科以上学历，电力电子相关专业、工业电气自动化专业2、熟练掌握光伏逆变器，正弦波逆变器等产品的工作原理、拓扑结构3、三年以上并网逆变器硬件相关研发经验4、熟练应用PORTEL等硬件电路设计工具5、具有良好的沟通与协作能力职位描述 1.负责逆变器设计，器件选型，样机硬件调试，指导系统调试 2.完成项目经理下达的科研及新产品开发的工作计划3、相关技术文件和资料编制,工业自动化,http://jobs.zhaopin.com/CC376578116J00329845904.htm,100-299人,2024-06-15 00:47:25
硬件工程师（BMS）,南京,思源电气,本科,3-5年,BMS,1.5-2.8万·15薪,岗位职责1.根据公司流程和行业标准，负责产品硬件需求分析、硬件系统架构设计；2.负责公司新方案硬件原理图的设计和优化，完成器件选型； 3.负责项目前期TR方案设计，成本统计，输出TR报告； 4.与项目组其他人员合作，解决DV PV EMC试验中遇到的硬件问题并做好经验总结。5.提供产线问题协助解决，对量产存在的问题进行分析定位和解决；岗位要求1.本科以上学历，计算机、自动化、电子电气相关专业、或其...,电气机械/电力设备,http://jobs.zhaopin.com/CC000635070J40765518811.htm,1000-9999人,2026-01-11 00:46:40
汽车外饰结构设计工程师,南京,软通动力信息技术(集团)股份有限公司,大专,5-10年,"保险杠,外饰设计",1.4-2.8万,1.专科以上学历，机械及车辆工程相关专业方向； 2.CATIA能力：熟练使用CATIA进行参数化建模，能够完成高难度零件如保险杠的结构设计； 3.断面分析能力：良好的断面分析能力，能够根据DRE的需求独立进行断面方案制作；4.设计经验：具备乘用车车外饰相关项目CAD设计有效经验5~8年，且独立完成过3个项目以上保险杠轮眉、门槛装饰件、扰流板、机舱装饰件的设计；5.熟悉外饰产品如保险杠、扰流板等胶粘...,互联网,http://jobs.zhaopin.com/CC000544460J40776914116.htm,10000人以上,2026-01-07 01:45:40
机械结构工程师-外包，世界500强外资，福利待遇完善,南京,科锐尔人力资源服务(苏州)有限公司,本科,3-5年,"UGNX,钣金工艺,压力铸造工艺,量产",1.8-2.8万·13薪,"Description:JD 如下：西门子数字化工业集团 (Digital Industries, DI) 是工业自动化和数字化领域的创新者。我们通过数字化企业解决方案，将现实世界和数字世界无缝连接，并借助全面的“数字孪生”实现持续的循环优化。同时，我们利用无限数据，赋能无限契机，助力快速确信的决策，为工业企业转型和可持续发展注入加速度。中国创新产品事业部（简称CNP）隶属于西门子数字化工业集团。...",咨询服务,http://jobs.zhaopin.com/CC453635220J40867957403.htm,1000-9999人,2026-01-06 14:39:30
高级硬件工程师,南京,思源电气,本科,5-10年,可靠性设计,2-2.8万·16薪,主要职责：1.根据PDP流程，分析和规格化产品的子系统需求，编制概念方案并分析其优缺点，确保产品需求传递的正确性和分析技术可行性。2.根据PDP流程，编制系统方案设计及建立需求矩阵，编制概要设计中架构、组件划分及其接口定义、详细设计中模块结构和接口设计、识别和编制外包计划和CBB构件，编制关键部件的验证计划和样机目标，审核企标和测试用例。3.根据公司硬件设计平台专业规划，参与完成硬件技术研究，改进...,电气机械/电力设备,http://jobs.zhaopin.com/CC000635070J40764230711.htm,1000-9999人,2026-01-11 00:43:42
硬件工程师,南京,湖南赛德雷特卫星科技有限公司,本科,3-5年,"设计,PCB设计,EMC设计,ARM研发",1.5-2.8万·13薪,岗位职责：1.负责硬件方案设计、原理图绘制、PCB绘制及调试等工作；2.负责硬件开发过程中的问题定位、分析和解决；3.配合软件工程师进行系统调试，优化硬件性能；4.协助项目负责人完成项目计划、跟进项目进度；5.参与产品测试，提供技术支持。任职要求：1.电子、通信、自动化等相关专业本科及以上学历；2.3年以上硬件开发工作经验，有完整的项目经历；3.熟悉硬件开发流程，具备良好的电路设计、调试能力；4....,船舶/航空/航天/火车制造,http://jobs.zhaopin.com/CCL1486806180J40722016606.htm,100-299人,2025-12-29 11:07:59
Pack结构工程师,南京,江苏青杉控股集团有限公司,学历不限,3-5年,"非标设备,钣金工艺,装配工艺",1.8-2.8万,任职要求： 1.机械设计、材料工程、车辆工程等相关专业专科及以上学历。 2.精通SolidWorks、Pro/E等3D设计软件，熟悉GD&T形位公差标准。 3.掌握动力电池，PACK模块、户储、便携式储能产品结构设计规范。 4.了解钣金加工、注塑成型、压铸等工艺。 5.2年以上动力电池或储能产品结构设计经验，有量产项目经验。 岗位职责：1.负责电池模组、机柜、箱体的3D建模与2D图纸输出，优化散热...,新能源,http://jobs.zhaopin.com/CCL1476098090J40795758002.htm,300-499人,2025-11-22 22:05:32
结构工程师,南京,思源电气,本科,5-10年,"电气设备,高压,固态变压器,变流器",1.5-2.8万·15薪,职责描述：1、根据内外部客户需求信息，参与识别、分析，了解储能产品结构发展方向；2、在新产品研发过程中，参与拟订结构部分的设计任务书，负责储能集装箱、电池簇、消防系统结构详细设计方案，校核新产品结构设计图纸和文件，以确保研发项目按计划完成；3、协助储能产品改进，确保储能产品改进过程中结构部分满足产品性能要求；4、参与储能产品技术支持工作，协助产品全生命周期中的结构方案解决；5、协助供应商开发，与供...,电气机械/电力设备,http://jobs.zhaopin.com/CC000635070J40814602411.htm,1000-9999人,2026-01-11 00:21:41
硬件开发,南京,傲拓科技股份有限公司,本科,5-10年,"硬件方案,电子元器件选型,EMC",2-2.8万·14薪,工作内容：1、负责新产品的硬件研发和原有产品的硬件改进；2、根据产品需求独立进行硬件方案、电路设计、元器件选型工作；3、参与研发项目的过程评审以及调试、可靠性测试工作；4、协助制定、整理并规范各类技术文档（主要包括：原理图、PCB图、元器件清单、特殊工艺要求、调试作业指导文件、硬件使用说明书、试产总结报告等）；5、完成新品导入小批量转产工作，提供生产技术支持；6、协助部门经理搜集和整理各种公司产品...,工业自动化,http://jobs.zhaopin.com/CC210789810J40571618805.htm,300-499人,2025-11-11 14:04:37
电源研发工程师,南京,北京迪赛奇正科技有限公司,本科,3-5年,"模块电源,通信电源,储能电源",1.5-2.8万,岗位职责：1、负责模块电源以及通信电源、储能电源等数字电源的硬件电路和参数设计；2、负责样机制作、调试和设计验证，异常分析工作；3、参与PCB布局和结构需求确认，并负责撰写整机电路设计和选型的相关文档；4、负责项目开发和投产过程中的硬件及工艺相关问题解决。任职要求：1、电力电子、自动化、电子工程或电子工程相关类专业；2、具有电子电路设计经验，中小功率电源，如AC/DC和DC/DC开关电源、主电路及...,电子/半导体/集成电路,http://jobs.zhaopin.com/CC137433240J40709952609.htm,300-499人,2025-07-22 14:01:31
高级硬件工程师（模拟电路方向）,南京,思源电气,本科,5-10年,模拟电路,2-2.8万·16薪,岗位职责：1.参与硬件方案的设计，可在指导下完成单板级硬件方案的设计；2.参与公司PDT/LMT产品项目开发中硬件单板的研发工作，能够独立完成中等复杂度单板硬件方案详细设计、原理图设计、PCB设计、料单制作、单板调试测试、文档编写等，对硬件开发进度和交付质量负责；3.参与硬件设计平台专业领域能力提升和积累，参与CBB硬件公用模块的开发、测试和验证；4.参与硬件设计平台技术研究，可在指导下，完成对技...,电气机械/电力设备,http://jobs.zhaopin.com/CC000635070J40726172711.htm,1000-9999人,2026-01-11 00:17:20
高级硬件工程师,南京,南京高华科技股份有限公司,本科,5-10年,"传感器,EMC设计,器件选型,原理图设计,仪器仪表,电路设计",1.7-2.7万·13薪,岗位职责：岗位职责：1、从事传感器及采集系统的研发工作；2、根据产品任务书要求，由需求分析至电路方案、再到详细设计，负责硬件架构设计及详细电路设计，包括器件选型、原理图设计、电路仿真、电路可行性分析、FMECA分析、PCB设计及样机调试等；3、开展设计过程中的电路评审，编制产品开发各阶段的设计文件和报告；4、能独立指导产品EMC试验及整改。任职资格：1、测控、自动化、仪器仪表、电子工程、通信等相关...,电子/半导体/集成电路,http://jobs.zhaopin.com/CC135971240J40228515303.htm,300-499人,2026-01-11 00:02:00
机械结构设计工程师,南京,南京泽润发智能科技有限公司,大专,3-5年,"CAD,非标设备,电气设备,自动化设备,Pro/E,AutoCAD,SolidWorks",1.5-2.7万,岗位内容：1. 参与机械结构的设计、开发、测试和优化，并且对设计过程进行分析和改善；2. 参与制定和执行机械材料的选型、热处理和表面处理方案；3. 建立并维护与客户之间的技术和业务接触；4. 协助项目管理，制定计划、进度和质量标准。任职要求：1. 机械工程或相关专业本科及以上学历；2. 具备两年以上机械结构设计经验；3. 熟练掌握SolidWorks、Pro/E、AutoCAD等二维及三维设计软件...,工业自动化,http://jobs.zhaopin.com/CCL1501173710J40779709005.htm,20-99人,2025-08-25 12:21:45
海外土建交付工程师,南京,思源电气,大专,1-3年,,1.6-2.8万·16薪,职责描述： 负责海外重要EPC项目的施工管理，主要包括：协助资料收集、协助确认技术方案、协助图纸审批、分包技术确认、现场管理、施工组织、施工计划确认、技术交底、施工过程质量进度控制、机电施工安全管理、问题反馈及处理等。配合项目组完成项目管理及绩效管理，参与部门流程制度的制定及优化。在实现客户价值的基础上，完成项目交付，达成安全、质量、进度和成本目标。任职要求： 学 历：大学本科以上土建类专业 工作...,电气机械/电力设备,http://jobs.zhaopin.com/CC000635070J40804842711.htm,1000-9999人,2026-01-11 00:16:02
高速离心泵设计师,南京,中天(江苏)防务装备有限公司,硕士,5-10年,"研发,设计,测试,结构设计,工艺设计,外观设计",1.9-2.6万·14薪,//岗位职责：1、负责高速离心泵的3D建模、工程图纸绘制及全流程设计，包括叶轮、泵体等核心部件的结构优化； 2、负责高速直流泵（如离心泵、屏蔽泵等）的水力设计、结构设计、电机电磁设计与热管理的集成开发。3、主导叶轮、蜗壳、导叶等核心水力部件的设计与优化（精通CFD流体仿真分析）。4、负责与高速永磁同步电机（PMSM） 的设计协同，包括电磁设计、转子动力学分析、轴承选型（动压空气轴承/液浮轴承/陶瓷...,电气机械/电力设备,http://jobs.zhaopin.com/CC420488230J40858606208.htm,100-299人,2026-01-08 00:45:41
复材结构设计工程师,南京,零重力飞机工业(合肥)有限公司,硕士,5-10年,"航空器,CATIA",1.5-2.6万·14薪,岗位职责：1．根据总体要求负责多旋翼、倾转飞机的结构设计；2．负责已有机型的结构优化设计；3．负责结构的三维与二维出图，BOM整理；4．负责编制相关的设计报告、制造技术要求等文件；5．负责复材结构的选材，铺层设计；6．负责与强度岗位沟通，根据结果迭代结构设计；岗位要求：1.飞行器设计专业/复合材料专业/机械设计专业，有航空或无人机领域从业背景；2.硕士学历及以上，结构设计工作三年以上工作经验；或者...,船舶/航空/航天/火车制造,http://jobs.zhaopin.com/CCL1443361050J40614864501.htm,100-299人,2026-01-07 01:00:21
机械工程师,南京,南京新环光电科技有限公司,硕士,3-5年,"散热设计,热仿真,应力仿真分析",1.8-2.6万·14薪,1、 负责新产品、新项目机械结构方案设计；2、 负责结构件工程制图、外协加工，以及外购件选型；3、 负责新品打样、试制直至定型过程中的相关工作；4、 负责产品结构优化及其日常生产运维；5、 产品技术资料的编制、归档；6、 新工艺、新技术调研和开发；7、 协助团队及领导交办的其它任务。 任职要求： 1、 大学本科及以上学历，机械相关专业毕业； 2、 3年及以上产品结构设计经验，精密仪器仪表、镜头和户...,环保,http://jobs.zhaopin.com/CCL1263336520J40621550208.htm,100-299人,2026-01-04 00:14:21
硬件工程师(J10016),南京,基蛋生物科技股份有限公司,硕士,1-3年,硬件开发,1.3-2.6万·14薪,任职资格：1、 遵守公司的各种规章制度，保守公司的商业、技术机密；2、 完成产品硬件设计：原理图绘制，电路调试等；3、 对硬件问题进行分析、定位和改进；4、 硬件开发相关文档撰写；5、 仪器的安规测试以及EMC整改； 6、完成领导安排的其他工作；学历及专业要求：自动化、电子、电气、计算机等相关专业硕士及以上学历素质要求：身体健康，具备良好的职业道德、工作责任心和工作激情，工作热情仔细，勤奋好学，团...,医药制造,http://jobs.zhaopin.com/CC139576414J00419520802.htm,1000-9999人,2025-12-17 00:08:42
硬件开发工程师,南京,南京莱斯电子设备有限公司,本科,1-3年,"硬件开发,电路设计,PCB设计",1.5-2.6万,岗位职责：1.参与项目硬件的方案设计、元器件选型；2.负责原理图设计；3.负责硬件调试、测试和试验；4.负责设计相关文档拟制。任职要求1.有飞腾、瑞芯微、海思等国产化处理器项目开发经验；2.熟练使用Cadence等开发工具；3.熟练使用示波器等测试仪器；4.具有良好的沟通能力及团队合作精神。职位福利：五险一金、包吃、房补、带薪年假、补充医疗保险、高温补贴、节日福利、住房补贴,通信/网络设备,http://jobs.zhaopin.com/CC630866830J40193771302.htm,100-299人,2025-09-23 00:36:03
工艺工程师,南京,南京天朗防务科技有限公司,本科,3-5年,非标设备,1.3-2.6万,工作内容：1、负责新研雷达系统的工艺方案设计，可行性评估及DFM分析，编制工艺总方案。2、负责科研项目设计图文档结构工艺性审查、产品或项目质量文件（结构工艺类）编制等工作； 3、负责产品装配、调试过程中工装设计，编制相关产品的吊装方案；4、负责工艺流程、作业指导书、工时定额等工艺文件的编制、监督和执行；5、负责外协外包件的采购过程中结构工艺技术管理，包含结构工艺评审、首件鉴定和特殊过程确认等；6、...,电子/半导体/集成电路,http://jobs.zhaopin.com/CCL1242117960J40799503205.htm,100-299人,2025-09-22 17:30:45
机械设计工程师,南京,南京泽润发智能科技有限公司,大专,3-5年,"设计,结构设计,非标设备,自动化设备,SolidWorks,Pro/E,AutoCAD,运动控制,机械结构设计,标准设备",1.8-2.6万,岗位内容：1. 参与自动化机械结构的设计、开发、测试和优化，并且对设计过程进行分析和改善；2. 参与制定和执行机械材料的选型、热处理和表面处理方案；3. 建立并维护与客户之间的技术和业务接触；4. 协助项目管理，制定计划、进度和质量标准。任职要求：1. 机械工程或相关专业本科及以上学历；2. 具备三年以上机械结构设计经验；3. 熟练掌握SolidWorks、Pro/E、AutoCAD等二维及三维设...,工业自动化,http://jobs.zhaopin.com/CCL1501173710J40791865305.htm,20-99人,2025-08-25 12:21:53
基带硬件工程师,南京,南京厚德星空信息科技有限公司,本科,1-3年,"通信相关专业,FPGA",2-2.6万·13薪,"1、第一学历主流大学本科及以上。数字电路设计相关专业毕业或有通信基带相关从业经验，具有扎实的数字电路和模拟电路理论基础； 2、精通数字电路设计，有过FPGA开发经验的优先； 3、熟悉vivado等仿真调试软件,善于调试硬件电路与查找问题； 4、负责原理图设计，板卡调试，负责硬件研发穿透式责任; 5、熟悉基于FPGA的数字预处理软件设计，需要用VHDL，verilog编写底层驱动代码，了解常用接口的...",通信/网络设备,http://jobs.zhaopin.com/CCL1336861980J40778683113.htm,20-99人,2025-07-26 13:36:15
硬件系统工程师,南京,南京悦世耀科技有限公司,本科,5-10年,EMC,1.5-2.6万,1. 硬件系统设计负责需求分析、方案设计、器件选型及原理图设计； 主导PCB布局布线（需熟练使用Cadence、Altium Designer或PADS等工具），协调外包生产与调试； 高速电路设计与信号完整性优化（如DDR、PCIe、MIPI接口）。 2. 测试与验证 硬件调试及EMC问题整改（如RE102/CS112标准） 使用示波器、频谱仪等设备完成电路测试。 3. 技术文档与协作 - 编写设...,互联网,http://jobs.zhaopin.com/CCL1455667540J40810380903.htm,20-99人,2025-07-08 14:25:17
机构设计工程师,南京,南京泽润发智能科技有限公司,本科,1-3年,"CAD,非标自动化,非标设备,自动化设备,精密设备,AutoCAD,SolidWorks,Pro/E,钣金工艺,焊接工艺,压力铸造工艺",1.4-2.6万·13薪,岗位内容：1. 参与机械结构的设计、开发、测试和优化，并且对设计过程进行分析和改善；2. 参与制定和执行机械材料的选型、热处理和表面处理方案；3. 建立并维护与客户之间的技术和业务接触；4. 协助项目管理，制定计划、进度和质量标准。任职要求：1. 机械工程或相关专业本科及以上学历；2. 具备两年以上机械结构设计经验；3. 熟练掌握SolidWorks、Pro/E、AutoCAD等二维及三维设计软件...,工业自动化,http://jobs.zhaopin.com/CCL1501173710J40774494705.htm,20-99人,2025-08-25 12:21:50
结构高级工程师,南京,南京易信同控制设备科技有限公司,本科,3-5年,,1.4-2.6万,"一、岗位职责1、 负责硬件电子产品及设备的结构设计和造型设计。2、 主导硬件传感器、数据采集器、终端手持设备等硬件产品的结构方案设计。3、 全面负责新品外观造型、内部结构、散热、布线设计以及工程图、效果图的输出。4、 管理外协单位结构生产装配过程中的技术沟通、指导,问题跟进与质量监督;5、 指导产品批量生产过程中模具开模和改进的技术沟通。6、 协同完成产品测试、环境适应性试验，主导或协助完成力学、...",专用设备制造,http://jobs.zhaopin.com/CC278325780J40553103405.htm,20-99人,2025-01-11 20:07:38
资深机械工程师,南京,南京艾龙自动化装备有限公司,本科,5-10年,"研发,设计,结构设计,制图设计,非标设备,装配工艺,钣金工艺,AutoCAD,SolidWorks",1.8-2.5万·13薪,职位描述:1、汽车零配件及3C行业非标自动化设备及产线设计。2、根据客户需求，配合项目经理，销售经理提供可行性方案。3、与电气工程师配合，领导项目小组按时完成项目经理安排的设计任务。4、整理编写技术文档。5、提供项目小组的定期培训。6、总结项目经验，沉淀公司过程资产。任职要求：1、工科专业，本科及以上学历。2、扎实的机械基础知识，丰富的项目参与经验。3、精通各种非标自动化标准件选型，如电机、气动、...,工业自动化,http://jobs.zhaopin.com/CC520904420J40539630208.htm,100-299人,2026-01-11 00:17:02
2026校招-工程设计工程师,南京,思源电气,本科,无经验,,1.3-2.5万·15薪,职责描述：1．解读技术协议，识别客户需求;2．准备资料并按需求参加设计联络会，通过技术谈判，减少项目风险，减少特殊设计;3．绘制工程一次、二次图纸，和设计院沟通确认图纸，下发BOM以及图纸。任职要求：1.本科及以上学历2.电力电气等相关专业知识，熟悉电力系统及变电系统3.英语CET-4及以上,电气机械/电力设备,http://jobs.zhaopin.com/CC000635070J40818153611.htm,1000-9999人,2026-01-11 00:16:01
结构设计工程师（家电、汽车电子等、电气电路（PCB）、散热系统设计,南京,瞬联软件科技(北京)有限公司,本科,3-5年,"家电、汽车电子等,电气电路（PCB）、散热系统设计,有成功量产经历",1.5-2.5万·13薪,外企，不加班不出差，周末双休，办公环境好，氛围好，免费班车，食堂（有饭补25元/天），六险一金，10天带薪年假+2天圣诞假期 1. 大学本科（含）及以上学历- 机械或相关专业 2. 3年及以上的结构设计经验，有驱动和数控类产品开发经验优先 3. 熟悉各类机械类零件的制造加工工艺，如模具，冲压，机加及表面处理等 4. 熟悉3D开发设计软件NX 5. 具有电子系统散热仿真（Flotherm）和机械仿真...,计算机软件,http://jobs.zhaopin.com/CC000276520J40977906804.htm,1000-9999人,2026-01-11 00:11:00
结构安全性能开发工程师,南京,软通动力信息技术(集团)股份有限公司,本科,5-10年,"主动安全性能,被动安全性能,安全性能分析,安全性能实验,汽车整车,车身及附件,碰撞测试,结构耐撞性能CAE仿真",1.5-2.5万,岗位职责：1. 整车碰撞 - 结构耐撞性能CAE仿真工作，包括FE建模、整车碰撞模型搭建、CAE计算、方案迭代计算、结果后处理等2. 整车碰撞达标方案制定、优化方案制定和CAE问题闭环，分析报告编写3. 整车试验与CAE对标，零部件试验与CAE对标4. 按要求完成：零部件及子系统CAE建模，debug和计算，SDS达标方案计算5. 根据结构耐撞性能开发要求，进行布置检查与校核，提出优化解决方案，并...,互联网,http://jobs.zhaopin.com/CC000544460J40785606416.htm,10000人以上,2026-01-10 01:49:11
化工工艺设计师,南京,南京鹳山化工科技有限公司,本科,1-3年,,1.5-2.5万,1.岗位要求：⑴化学工程与工艺或精细化工专业本科及以上学历；⑵熟练使用CAD制图软件、OFFICE办公软件及专业计算软件，具有自主学习能力和意识；⑶具有良好的口头及书面表达能力；⑷具备良好的团队合作意识和敬业精神，有志于化工工程设计工作；⑸具有2年以上石化（医药）行业设计院或硫酸裂解及制酸企业工艺技术管理工作经验者优先。（6）熟悉硝基苯/苯胺生产工艺的，优先考虑。2.岗位描述⑴能够独立完成项目物料...,石油/石化,http://jobs.zhaopin.com/CC273167710J40601685615.htm,20-99人,2026-01-09 01:40:31
机械开发工程师,南京,迈瑞,硕士,3-5年,,1.5-2.5万,岗位职责：1、负责新产品开发周期中所有设计活动，如开发、测试验证、转换、试产等阶段对应的工作内容，将设计内容产品化，实现设计价值；2、负责在线产品的维护和改进，降低客户端故障率、降低产品成本；3、负责外部门，如生产部门、用服部门、市场部门的技术支持，帮助其解决实际问题，同时也促进其提高业务水平，减少对研发的依赖和提高解决问题的效率；4、参与技术组平台建设，提高开发活动的效率，降低产品研发周期、成本...,医疗设备/器械,http://jobs.zhaopin.com/CC000577600J40804223101.htm,10000人以上,2026-01-09 01:01:31
结构工程师（智能硬件）,南京,软通动力信息技术(集团)股份有限公司,大专,3-5年,"结构设计,3C数码",1.3-2.5万,岗位职责：1、负责手机等智能硬件产品的结构设计开发：覆盖手机的堆叠概要设计到详细设计、验证开发、生产控制到量产维护等全流程；2、端到端负责解决手机从设计、试产、测试、上市后的结构相关问题，并进行系统总结和改进，支持产品质量持续提升；3.负责手机结构新材料、新技术及新形态的技术研究和落地，确保结构竞争力业界领先；4.挑战架构&工艺极限，实现架构&工艺竟争力业界领先，支撑产品关键竟争力达成；岗位要求：...,互联网,http://jobs.zhaopin.com/CC000544460J40782039416.htm,10000人以上,2026-01-09 01:46:19
高级机械结构工程师（电动工具/园林工具）,南京,南京信猎人力资源服务有限公司,本科,5-10年,"电动工具,园林工具,AutoCAD,SolidWorks,画图、审图",2-2.5万,岗位职责：1、独立负责复杂园林工具/电动工具产品的结构设计及方案评审；2、主导新产品开发全过程，完成结构设计、图纸绘制与审核；3、解决产品开发中的关键技术难题，进行结构优化与可靠性提升；4、指导初级工程师，协助团队能力提升；5、跨部门协调，推动项目按时高质量交付。任职要求：1、本科及以上学历，机械、机电等相关专业优先；2、45岁以内，5年以上园林工具/电动工具行业资深结构设计经验；3、精通CAD、...,人力资源服务,http://jobs.zhaopin.com/CCL1492407110J40821635607.htm,100-299人,2026-01-08 15:47:57
硬件工程师,南京,武汉克莱蒙特科技技术有限公司,本科,3-5年,"大功率,电驱动",1.5-2.5万,岗位职责：- 与团队密切合作实现控制单元硬件开发。- 主导电机控制器和功率变换器控制器的模拟电路应用，特别是高精度、高电压、大电流的测量。- 功率级/功率板设计，电力电子子系统开发，专注于开关电源设计、IGBT 应用和栅极驱动器设计- 全面负责从系统级到硬件实现的模拟电路设计。- 根据功能安全 （ISO26262） 要求设计硬件电路。- 电路仿真、WCA 和功能分析，热设计、可靠性设计和静态数据分...,企业服务,http://jobs.zhaopin.com/CC840972090J40867748012.htm,100-299人,2026-01-08 15:24:24
结构安全性能开发工程师,南京,软通动力信息技术(集团)股份有限公司,大专,5-10年,"碰撞,结构耐撞,仿真,建模",1.9-2.5万,1. 整车碰撞 - 结构耐撞性能CAE仿真工作，包括FE建模、整车碰撞模型搭建、CAE计算、方案迭代计算、结果后处理等2. 整车碰撞达标方案制定、优化方案制定和CAE问题闭环，分析报告编写3. 整车试验与CAE对标，零部件试验与CAE对标4. 按要求完成：零部件及子系统CAE建模，debug和计算，SDS达标方案计算5. 根据结构耐撞性能开发要求，进行布置检查与校核，提出优化解决方案，并用CAE方...,互联网,http://jobs.zhaopin.com/CC000544460J40784408616.htm,10000人以上,2026-01-08 01:44:49
硬件工程师 (MJ000115),南京,南京牧镭激光科技股份有限公司,本科,3-5年,硬件,1.5-2.5万,岗位职责：1、负责公司产品硬件电路的方案设计、器件选型、原理图设计、PCB检查、BOM、电路调试、产品维护等；2、完成硬件相关文档的编写，单板及整机联调、自测等工作；3、协助其他部门分析并解决生产及售后过程中的产品问题；4、新产品的硬件开发，或已有产品的硬件维护及迭代设计。二、任职资格教育背景：本科及以上学历，电子、电气、通信、自动化等相关专业；工作经验：3年及3年以上硬件开发工程经验；专业技能：...,电子/半导体/集成电路,http://jobs.zhaopin.com/CC369626330J40762847110.htm,300-499人,2026-01-08 00:00:02
结构工程师,南京,南京紫微泰克技术有限公司,硕士,3-5年,"装配工艺,注塑工艺,钣金工艺,SolidWorks,CREO,Pro/E,通信设备",1.5-2.5万,工作职责：一、结构设计与优化1、负责电子设备结构或散热系统的 3D建模、仿真与优化（使用SolidWorks/Creo/ANSYS等工具）；2、参与产品从 概念设计→原型验证→量产落地 的全流程开发；3、确保结构设计满足 强度、重量、成本、可制造性 等要求。二、热管理方案开发1、分析电子设备的 散热需求，制定热设计方案（风冷/液冷/相变材料等）；2、使用 CFD仿真工具（如FloTHERM、Ice...,通信/网络设备,http://jobs.zhaopin.com/CCL1501267620J40867877003.htm,20人以下,2026-01-07 18:27:55
外饰结构设计工程师,南京,软通动力信息技术(集团)股份有限公司,大专,5-10年,"外饰设计,保险杠,AutoCAD,门槛装饰件,机舱装饰件,扰流板",2-2.5万,岗位职责：1.负责外饰保险杠轮眉、门槛装饰件、扰流板、机舱装饰件等零件的CAD数据制作设计；2.负责负责相关系统的连接结构数据设计； 3.负责相关系统2D图纸的设计制作；4.负责相关系统数据的断面制作开发工作 岗位要求： 1.专科以上学历，机械及车辆工程相关专业方向； 2.CATIA能力：熟练使用CATIA进行参数化建模，能够完成高难度零件如保险杠的结构设计； 3.断面分析能力：良好的断面分析能力...,互联网,http://jobs.zhaopin.com/CC000544460J40759659316.htm,10000人以上,2026-01-07 01:44:46
机械设计工程师（农机方向）,南京,江苏岚江智能科技有限公司,本科,3-5年,"研发,设计,结构设计,非标设备,AutoCAD,智能农机",1.8-2.5万,岗位职责： 1、负责项目产品机构硬件零部件的设计与开发；2、编制产品相关技术资料，如产品极技术标准、试验规范，零部件明细表、技术条件等； 3、负责项目产品设计问题的整改，图样、明细等技术文档编制与更新；4、负责与供应商的技术交流及相关技术文件的编制工作；5、项目要求的试制及现场生产服务等； 任职要求： 1、本科及以上学历， 机械、农机、车辆、交通、自动化，机电一体化等相关专业；2、3年以上机械设计...,农/林/牧/渔,http://jobs.zhaopin.com/CCL1389528800J40909982508.htm,100-299人,2026-01-05 15:08:51
机械研发工程师（线切割方向）,南京,南京晶升装备股份有限公司,本科,5-10年,"线切割设备,精密设备研发",1.5-2.5万·13薪,岗位职责：1、负责设备的机械研发与结构设计，包括方案设计、详细设计及工程图纸输出；2、负责设备部件及整机的研发与性能优化；3、参与新产品开发全流程，包括设计评审、样机试制、调试及工艺验证；4、分析设备运行中的机械问题，提出改进方案并推动实施；5、编写技术文档（设计规范、BOM清单等），确保设计过程可追溯；6、跟踪行业技术发展，推动设备的技术创新与迭代。任职要求：1、本科及以上学历，机械设计、机电一...,电子/半导体/集成电路,http://jobs.zhaopin.com/CC461185820J40818467901.htm,100-299人,2026-01-05 13:15:46
硬件工程师,南京,南方新华,本科,5-10年,"设计,PCB设计",2-2.5万,1、负责x86/FPGA/单片机硬件方案检讨和执行，完成x86架构类单板设计并确保交付，具备日程管理意识：2、负责高速单板PCB设计，包括布局布线、与硬件结构/工艺等周边领域交互、工程问题答复、测试跟踪和问题定位；3、独立并指导他人根据器件手册和规范完成元器件封装设计；4、参与系统级设计中与PCB相关部分的分析与规划工作，具备良好的汇报能力；8、组织和进行PCB设计培训等工作，持续提升PCB设计交...,人力资源服务,http://jobs.zhaopin.com/CC346219280J40818704511.htm,100-299人,2026-01-04 18:25:03
射频连接器工程师,南京,全信股份,本科,3-5年,"连接器,研发,设计,维修/保养,结构设计,工艺设计,工装设备,特种设备,装配设备,压力铸造工艺,SolidWorks,CREO,CATIA,射频,军用",1.5-2.5万,岗位职责：1、负责射频连接器领域自主新研发项目、新型号项目的任务攻关；2、负责产品市场推广及技术支持；3、负责射频连接器领域新产品、新技术开发；4、负责产品质量问题的分析、纠正和预防；5、负责射频连接器产品领域技术难题的解决；岗位要求：1、三年以上同行业工作经验，机械工程、电子信息工程、通信类等专业优先；2、熟悉射频连接器的结构、原理、选型和应用环境；3、精通CAD、Creo和仿真等软件；4、具有...,通信/网络设备,http://jobs.zhaopin.com/CC144659490J40867332803.htm,1000-9999人,2026-01-04 11:29:08
车身结构设计工程师,南京,上海华驿汽车技术有限公司,大专,3-5年,"车身,汽车内饰,汽车外饰,乘用车,CATIA,地板,白车身,内外饰,开闭件",1.8-2.5万,"工作职责:1.负责车身骨架类(上车体/下车体)零件3D建模 概念设计,工程设计(冲压件类,铸造件类、挤出类等),以及按要求完成产品结构化搭建:2.负责零件相应的图纸设计(含GDT,技术要求),更新/搭延建属性文件;3.PLM数据发放;任职要求:1.熟练CATIA软件片体实体模块,DMU模拟分析和MS办公软件;2.熟练运用CATIA参数化建模;3.熟悉钣金件/铸造件/管材等CAD开发;4.至少3年汽...",汽车研发/制造,http://jobs.zhaopin.com/CC273877480J40833695805.htm,100-299人,2026-01-04 09:21:46
硬件工程师,南京,林洋能源,本科,3-5年,"硬件开发,电路设计,元器件",1.5-2.5万·14薪,经验与技能： 1、本科及以上学历优先，计算机、电力、电子、自动化、通信、仪表等相关专业； 2、2年以上电子产品硬件开发经验，可独立进行硬件原理图设计； 3、熟练使用Altium Designer/Protel199SE等工具，熟悉EMC知识；有MCU及外设电路应用开发经验； 4、熟悉常用电子元件关键参数，熟悉电磁兼容，熟悉数字、模拟电路设计，熟悉电子元器件的测试；； 5、可熟练使用信号发生器、示波...,电子/半导体/集成电路,http://jobs.zhaopin.com/CC130853920J40236558705.htm,1000-9999人,2026-01-03 00:16:40
结构工程师,南京,特变电工新能源公司,本科,3-5年,"逆变器,储能",1.4-2.5万·15薪,特变电工西安电气科技有限公司光伏逆变器产品结构研发工程师 岗位职责：1. 结构设计与开发：负责光伏逆变器产品的结构设计，包括整机布局、散热设计、防护设计及机械部件设计； 2. 样机制作与测试：主导样机的结构制作、装配及测试，确保产品满足机械强度、散热性能及防护等级要求； 3. 材料选型与验证：完成结构材料的选型、测试与验证，确保其可靠性、成本优化及符合环保要求； 4. 结构优化与改进：针对产品结构...,新能源,http://jobs.zhaopin.com/CC445178720J40754179910.htm,1000-9999人,2025-12-30 10:44:15
工程项目设计经理,南京,佑赛科技,本科,10年以上,"设计院,电力工程设计,发电,压缩空气储能,新型储能电站,EPC",1.5-2.5万,岗位职责：1、担任主设，按要求完成压缩空气储能、风电等工程及新能源项目前期咨询及设计管理工作；2、负责及时处理所承担电力工程项目在施工、安装和投产中的技术问题；3、协同项目全程组织分工设计任务，并针对项目设计进度管理项目组设计团队成员；4、对所有项目设计的所有设计环节进行终端审图（含技术方案终端审图，初步设计终端审图，施工图设计终端审图，竣工图设计终端审图）；5、对设计过程中产生的疑难问题作出诊断...,电力/水利/热力/燃气,http://jobs.zhaopin.com/CC415887220J40910419215.htm,300-499人,2025-12-30 01:45:48
结构设计工程师,南京,扬州嘉华电气股份有限公司,本科,经验不限,"微动开关,机械,UG,家电,电气",1.5-2.5万,岗位职责1、负责家用电器（如洗碗机、洗衣机等）产品门锁功能模块设计研发。2、主导产品的结构设计，运用 CAD/CAE 等工具完成零部件图纸绘制、模具跟进及工艺优化，确保产品符合家电整机安装尺寸、安全标准及可靠性要求。3、根据客户/内部需求，完成需求转化、技术方案出具、样品制作、测试验证、量产评估等工作。4、独立完成复杂功能模块结构设计工作，并推向量产。5、跟踪国内外家电相关行业标准（如 IEC、G...,电气机械/电力设备,http://jobs.zhaopin.com/CC339078780J40740463606.htm,500-999人,2025-12-30 01:17:20
结构设计师,南京,长河硅基(湖北)建筑科技有限公司,大专,3-5年,"结构设计,土木工程",1.3-2.5万,长河硅基是一家创新科技型企业，专注于为建筑物提供从地下到墙面、楼面的全系列无机建材产品和系统解决方案。现因全国市场快速发展需要，诚邀有志于发展的您加盟。PS：这个岗位不是传统的结构设计岗，属于新的赛道，涉及市场调研和推广。薪资待遇：基本薪资 8000-15000元/月 + 管理奖金 + 提成，年薪可达100万以上。岗位职责：1.拜访设计院，推广公司产品解决方案，与设计师建立良好的合作关系；2.与业...,新材料,http://jobs.zhaopin.com/CCL1515451370J40817748211.htm,100-299人,2025-12-29 14:15:55
结构工程师(J12080),南京,江苏鱼跃医疗设备股份有限公司,本科,5-10年,"注塑工艺,塑胶玩具,消费电子,穿戴产品",1.5-2.5万·14薪,岗位职责:1.结构设计与优化：•概念设计：基于CGM产品功能需求，进行创新性结构概念设计，提出多种可行方案供团队讨论和选择。•详细设计：基于选定的结构方案，进行详细设计，包括零部件图纸、装配图等，确保设计的可制造性和可装配性。•仿真分析：利用CAE工具进行结构强度、疲劳、热、振动等仿真分析，验证设计的可靠性和安全性。•优化迭代：根据仿真结果和样机测试反馈，进行结构设计优化，直至满足性能、成本、重量...,医疗设备/器械,http://jobs.zhaopin.com/CC199971310J40849999703.htm,10000人以上,2025-12-25 15:21:13
驻外土建设计工代,南京,南京国联电力工程设计有限公司,大专,3-5年,,1.5-2.5万,具体工作地点需服从公司分配，可接受长期海外出差或驻外工作者再进行简历投递。1、土建专科及以上学历。2、具备光伏、变电站相关设计经验和项目施工经验。3、从事电力相关规划设计、施工、运行维护、管理等工作。4、身体健康，能接受长期驻外工作（有国外工作经验者可优先考虑）。地点：中东（阿曼）,电力/水利/热力/燃气,http://jobs.zhaopin.com/CC131881170J40821888409.htm,100-299人,2025-12-23 16:17:26
技术经理,南京,江苏金环科技有限公司,本科,5-10年,"研发,设计,安装/调试,结构设计,工艺设计,制图设计,电气设备,特种设备,装配设备,装配工艺,钣金工艺,焊接工艺,SolidWorks,AutoCAD",1.5-2.5万,岗位职责：1.根据技术要求，能够独立进行非标设备技术方案撰写设计、撰写标书； 2.完成技术文件编制及图纸测绘工作，改进和规范工艺流程； 3.制定和实施技术方案，给业主提供更加优质的服务； 4.负责公司其他部门日常技术确认、技术培训； 5.培带机械技术员；6.完成公司领导安排的其他机械技术类相关工作。 岗位要求： 1.40周岁及以下，本科及以上学历，机械设计及其自动化、电气自动化等相关专业；； 2....,电气机械/电力设备,http://jobs.zhaopin.com/CC540191320J40912040815.htm,100-299人,2025-12-23 14:40:15
土建项目经理,南京,江苏哲越装饰工程有限公司,学历不限,3-5年,二级建造师,1.5-2.5万,工作内容：1. 负责工程全过程的统筹管理，包括整体规划，资源协调，现场进度、质量、成本及安全控制，确保项目按期高质量完成；2. 协调设计、施工、监理等各方关系，确保项目按计划顺利推进；3. 编制和审核项目计划、施工方案及技术文件，监督施工工程，提升项目管理效率；4. 定期向公司汇报项目进展，及时处理项目中出现的问题。任职要求：1.具备3年以上建筑工程管理或现场技术管理工作经验；2.具备良好的沟通协...,装饰装修,http://jobs.zhaopin.com/CCL1243401980J40821439209.htm,20-99人,2025-12-22 14:26:45
结构工程师,南京,南京协澳智能控制系统有限公司,本科,5-10年,"塑料模具,塑料研发,塑料工艺,ABS",1.5-2.5万,一、岗位职责独立成电子产品 3D 建模，重点设计塑料件（如外壳、结构件），输出图纸和技术文档。二、任职要求专业：机械设计、材料成型等相关专业，本科及以上。软件：熟练进行 3D 建模、装配和工程图绘制。技能：熟悉 ABS/PC 等塑料材料特性，了解注塑工艺，能做结构强度分析。素质：团队协作好，能快速解决问题，有责任心。,电力/水利/热力/燃气,http://jobs.zhaopin.com/CC476899020J40865224803.htm,100-299人,2025-12-22 11:21:57
机械工程师,南京,南京赛众液压设备有限公司,本科,5-10年,"制图设计,结构设计,UG,非标设备,设计,UGNX,AutoCAD,SolidWorks,液压工艺",1.5-2.5万,工作内容：1. 负责机械设备的设计开发工作，包括方案设计、详细设计、图纸绘制、BOM清单编制等；2. 参与项目前期技术调研、可行性分析及方案制定；3. 根据项目需求，进行机械结构设计、分析和优化，确保设计方案的可行性和可靠性；4. 熟练使用相关设计软件进行二维绘图、三维建模、有限元分析、流体仿真分析等工作；5. 负责与电气工程师、软件工程师等协作，完成设备自动化联调联试；6. 参与设备装配、调试及...,通用设备制造,http://jobs.zhaopin.com/CC527920020J40674765516.htm,100-299人,2025-12-19 00:00:02
电子硬件工程师（车规芯片）,南京,安徽烁轩半导体有限公司,本科,3-5年,,1.6-2.5万,岗位职责：1、负责新产品的研发和现有产品售后技术支持；2、承担硬件方案设计、器件选型、研发计划制定；3、负责硬件原理图设计、PCB布局布线、电路板调试，重点优化电源完整性、信号完整性及EMC/EMI性能；4、负责跟进产品的生产、测试并进行优化；5、负责硬件设计相关文档的编写与审核；任职要求：1、本科及以上学历，电子信息类，机械电子、自动化类或其他电子类相关专业；2、3年以上车规芯片硬件开发经验，具...,电子/半导体/集成电路,http://jobs.zhaopin.com/CCL1491839350J40911118915.htm,20-99人,2025-12-18 14:58:28
结构设计工程师,南京,南京国博电子股份有限公司,硕士,3-5年,结构设计,2-2.5万,岗位职责： 1、负责结构方案沟通、IDS接口确认，确保方案可行性； 2、协助完成相关产品文档的编写，包括但不限于方案报告结构部分； 3、参与方案评审，负责项目结构设计工作，并协助验证关键技术； 4、编写机加物料明细清单，拟制BOM表，推动审核完成； 5、完成结构装配图等配套图纸绘制，参与生产装配维护工作，推动结构问题的解决与闭环； 6、协助相关部们对生产过程及客返件的质量问题进行分析与解决； 任职...,电子/半导体/集成电路,http://jobs.zhaopin.com/CC537943920J40523442407.htm,1000-9999人,2025-12-17 09:49:25
硬件工程师,南京,北京信联数安科技有限公司,本科,3-5年,,1.5-2.5万,岗位职责： 1、根据需求计划，完成公司硬件产品开发； 2、负责公司产品硬件电路原理电路、PCB设计、负责元器件选型； 3、负责研发样机的焊接，调试，和装配； 4、负责研发样机的测试文件编写和测试、样机评审等； 5、协助完成新产品的导入，解决实验、生产过程中与研发相关的技术问题。 岗位要求： 1、硬件开发3年以上工作经验； 2、熟练掌握数字和模拟电子技术，有较强的硬件系统设计与调试能力，有独立工作能...,计算机软件,http://jobs.zhaopin.com/CC268498830J40752000802.htm,100-299人,2025-12-17 00:04:01
市政项目负责人,南京,江苏十朝春建设工程有限公司南京分公司,本科,5-10年,,2-2.5万,岗位内容：1. 负责市政工程施工进度、质量、安全等方面的管控；2. 协调各部门对市政工程现场进行配合和管理；3. 提出改善建议，提高市政工程项目的水平和效率；4. 维护市政工程项目的客户关系，保证客户满意度。任职要求：1. 具备土木工程或相关专业本科及以上学历；2. 有3年以上市政工程施工管理经验，熟悉市政工程施工过程和流程；3. 具备较强的组织、协调和沟通能力；4. 能够承压、快速应变和解决问题...,工程施工,http://jobs.zhaopin.com/CC886686170J40830868814.htm,100-299人,2025-12-16 15:19:26
土建设计主管,南京,佑赛科技,本科,10年以上,"发电场站,新型储能,压缩空气储能",1.5-2.5万,岗位职责：1、负责压缩空气储能、风电等项目投标阶段的技术方案和工程量清单编制/设计及校核、审查，组织专业策划，本专业技术产品指导；2、负责发电项目土建施工图、技术方案的设计/计算和及校核、审查，组织专业策划和专业间配合沟通，应对国际咨询设计审批，本专业技术产品指导；3、负责项目执行阶段设计管理工作，包括设计分包管理，图纸管理，设计澄清（业主、咨询等），设计产品及流程优化等；4、为新能源项目投标询价...,电力/水利/热力/燃气,http://jobs.zhaopin.com/CC415887220J40910424615.htm,300-499人,2025-12-15 17:03:39
结构工程师-U1902P,南京,翔宇医疗,本科,5-10年,"CAD,材料选用,工艺选型,医疗产品,Pro/E",1.5-2.5万,岗位职责：1.医疗产品机械结构设计，对外观设计阶段结构技术问题进行及时的分析；2.对材料选用，工艺选型能够准确判断。对注塑模、钣金、机械加工工艺有一定的认知。3.较强的设计逻辑，设计产品易于生产、维护4.产品模具进度以及生产加工的追踪，确保部件转入量产；5.绘制产品生产管控图纸，对接生产过程中的塑件、结构装配问题的处理；6.编写相关技术文档，并协助完成相关产品认证工作；任职要求：1、有过相关实习结...,医疗设备/器械,http://jobs.zhaopin.com/CC381255110J40811910907.htm,500-999人,2025-12-13 00:00:04
电池系统结构设计工程师,南京,上海华驿汽车技术有限公司,大专,5-10年,"设计,结构设计",1.5-2.5万,1.负责动力电池PACK总成及关键零部件(箱体、上盖、底护板等)的3D建模，详细设计，装配图及零件图，图纸校核等:2.负责简单测试工装夹具的设计及3D建模，图纸绘制及发布。3.负责BOM，图纸，变更工作等设计相关相关文件的编制，并在系统中的发布及维护。任职要求1.专科及以上学历，机械，材料及车辆工程相关专业方向;熟悉掌握3DE软件设计3D数据2.独立设计开发过零部件，有很好的逻辑分析思维和判断能力...,汽车研发/制造,http://jobs.zhaopin.com/CC273877480J40832172705.htm,100-299人,2025-12-11 10:19:18
开关电源硬件工程师,南京,南京美淳医疗有限公司,本科,3-5年,开关电源,1.5-2.5万,1、参与硬件方案选型，负责原理图和PCB设计，板卡调试，产品认证、维护、性能优化等开发工作；2、解决开发和调试过程中遇到的问题，进行样机测试和认证试验；3、设计文件的制作及归档，BOM整理，样机的制作及调试；4、领导交办的其它临时任务；任职要求：1、本科及以上学历，3年以上工作经验，电子、自动化等相关专业；2、熟悉产品的开发流程；熟悉原理图和PCB设计；熟悉嵌入式系统硬件设计；具备较强的分析和解决...,医疗设备/器械,http://jobs.zhaopin.com/CC890818180J40839219202.htm,20-99人,2025-12-10 10:35:07
硬件设计工程师,南京,南京长峰航天电子科技有限公司,硕士,1-3年,,1.5-2.5万,任职要求：1、精通模电，数电，以及高速数字电路设计的基础知识，有较强的电路分析能力。2、精通FPGA固件开发，熟练掌握VHDL/Verilog语言以及Xilinx ISE、Matlab、ModelSim、ChipScope等开发工具。3、熟练掌握PCB布线工具Altium Designer、Cadence，熟悉信号完整性和EMC仿真分析，有多层高密度、高速数字电路板设计开发经验者优先考虑。4、熟悉...,电子/半导体/集成电路,http://jobs.zhaopin.com/CC148871510J40629047407.htm,500-999人,2025-12-08 20:39:41
压缩机结构研发工程师,南京,天加环境,本科,3-5年,"非标设备,自动化设备,电气设备",1.5-2.5万,岗位职责:1、承接螺杆/离心压缩机零部件三维结构设计和仿真计算； 2、负责螺杆/离心压缩机零部件工程图、产品总装图、技术资料等的编制；3、负责螺杆/离心压缩机新产品BOM搭建和样机装配跟踪；4、跟踪螺杆/离心压缩机新产品试制并解决制程相关问题。任职要求:1、本科及以上学历，机械、热能、制冷与暖通类相关专业；2、3年以上结构设计相关工作经验，有压缩机设计经验者优先；3、熟练使用三维设计软件和CAE仿...,通用设备制造,http://jobs.zhaopin.com/CC245117310J40848002913.htm,1000-9999人,2025-12-08 16:16:33
硬件工程师,南京,南京美淳医疗有限公司,本科,3-5年,"Layout设计,单片机开发,电路设计,PCB设计,单板开发,EMC设计,医疗器械,高频电",1.5-2.5万,岗位职责：1、参与硬件方案选型，负责原理图和PCB设计，板卡调试，产品认证、维护、性能优化等开发工作；2、解决开发和调试过程中遇到的问题，进行样机测试和认证试验；3、设计文件的制作及归档，BOM整理，样机的制作及调试；4、领导交办的其它临时任务；任职要求：1、本科及以上学历，3年以上工作经验，电子、自动化等相关专业；2、熟悉产品的开发流程；熟悉原理图和PCB设计；熟悉嵌入式系统硬件设计；具备较强的...,医疗设备/器械,http://jobs.zhaopin.com/CC890818180J40415345702.htm,20-99人,2025-12-10 09:56:18
结构设计工程师,南京,南京巨鲨商贸有限公司,硕士,3-5年,"机械设计,机电一体化,Solidworks",1.5-2.5万,岗位描述：1、参与产品项目立项可行性调研，独立完成系统方案设计、评审，承担样机的研制、调试等相关工作2、独立承担大型项目整机结构、零部件的详细设计，绘制产品总装配图及零部件图纸，编制各类明细表，完成技术文挡的拟制和归档3、跟踪产品零部件供应商资源的调研、论证工作，协助采购部完成供应商开发4、处理生产、加工及安装调试过程中出现的各类相关问题，并给予解决任职要求：1. 机械类专业，本科以上学历，三年以...,医疗设备/器械,http://jobs.zhaopin.com/CC120914350J40086979202.htm,500-999人,2025-12-08 09:47:06
机械设计,南京,南京景曜智能科技有限公司,本科,5-10年,,1.4-2.5万,工作内容1.非标自动化项目前期的客户需求调研、技术沟通、总体方案设计、机构成本核算等；2.机械结构设计、图纸绘制及B0M清单处理；3.现场指导设备的安装、调试及后续维护工作; 4.编写项目相关技术文档及汇报方案; 任职要求1.本科及以上学历，机械设计制造及其自动化、机械工程等相关专业，专业知识扎实深厚； 2.具有8年以上非标自动化方案设计工作经验，其中至少有5年专注于大型自动化装配线方案设计工作，...,机器人,http://jobs.zhaopin.com/CC615972220J40855858304.htm,100-299人,2025-12-02 13:57:44
电机结构工程师/主管,南京,无锡奥维斯管理咨询有限公司,本科,3-5年,驱动电机,1.5-2.5万,岗位要求：1、负责电机产品的结构设计；2、负责3D、2D模型设计，安排结构件的检讨及开模工作，工程图纸、Bom制作、结构件打样及模具件确认；3、负责制定产品试制计划，并跟踪零部件完成情况；4、负责产品设计验证工作，编制试验大纲，策划验证试验；5、负责产品设计持续改进工作，对产品优化设计，并遵循公司流程和规范，完成设计变更工作；6、参与新产品开发项目，完成项目文件；7、负责开发中技术项目（新结构模块...,人力资源服务,http://jobs.zhaopin.com/CC560902920J40732109006.htm,20-99人,2025-11-24 11:19:35
硬件工程师,南京,南京巨鲨商贸有限公司,本科,1-3年,"医疗器械,电路设计,硬件电路设计,原理图设计,布局布线,硬件测试,器件选型,性能测试",1.8-2.5万,【职位描述】：1、从事显示系统的设计与实现，负责产品线具体的技术与产品开发过程中硬件模块的设计、单元测试、调试、维护、性能优化等开发工作；2、完成硬件选型，原理图设计，PCB调试，解决开发和调试过程中遇到的问题；并能根据EMC、信号质量要求等对PCB工程师布线进行指导；3、参与系统方案设计与技术规范制定，建立、维护设计工作的相关文档并提供相应的技术支持；4、根据国家强制性标准或行业标准，制定符合产...,医疗设备/器械,http://jobs.zhaopin.com/CC120914350J40387817102.htm,500-999人,2025-12-08 09:36:54
高级机械结构工程师（双休）,南京,南京木木西里科技有限公司,本科,10年以上,"精密设备,注塑工艺,钣金工艺,SolidWorks,运动机构,结构设计,制造工艺",1.5-2.5万·14薪,一、岗位职责1.负责新产品方案的市场调研、可行性评审、结构设计与细化、外观细化，并完成三维模型、工程图纸及相关技术文档的输出；2.参与项目前期的可行性、技术方案及图纸评审；负责核心与普通标准产品的选型与建立，推动设计的规范化和标准化；3.负责绘制产品图纸，编制和维护BOM表、装配图及来料检验标准等全套技术文件，确保资料准确完整；4.主导样品的装配工作，及时发现并解决装配过程中出现的各类技术问题，确...,仪器仪表制造,http://jobs.zhaopin.com/CC662967220J40680114207.htm,100-299人,2025-11-21 15:19:45
硬件工程师,南京,南京遨空装备科技有限公司,本科,经验不限,"原理图设计,电路仿真设计,器件选型与设计、定制器件设计",1.5-2.5万·13薪,岗位职责1）负责原理图设计、电路仿真、器件选型与设计，定制器件设计等；2）负责产品序列化和标准化，衍生品开发与维护；3）负责设计验证测试，测试问题解决，样机调试；4）设计BOM整理，物料承接，相关技术文档输出及积累；任职资格1. 电力电子、自动化、电子信息工程等相关专业，本科及以上学历；2.熟悉部分飞控电子设备工作原理，模拟电路、数字电路和嵌入式系统设计；3.电路分析理论知识扎实、熟悉多种电路拓扑...,船舶/航空/航天/火车制造,http://jobs.zhaopin.com/CCL1482333910J40570594413.htm,20-99人,2025-11-19 13:14:21
结构工程师,南京,泰克曼(南京)安防技术股份有限公司,本科,5-10年,"塑料件,结构工程师,结构设计",1.6-2.5万,一、岗位职责：1. 负责配合ID、电子工程师，完成产品零部件结构设计方案；2. 绘制产品结构零部件3D、2D图纸，输出开模3D、2D技术文件；3. 负责产品装配设计及技术文件输出，负责结构BOM制作及输出；4. 负责外购件选型技术文档的设计输出，参与新物料的选型、验证技术支持；5. 编制产品可靠性试验大纲，跟踪试验过程、验证结果，达成可靠性质量要求；6. 负责首样、小批量、批量产品的手板投产、跟踪...,电子/半导体/集成电路,http://jobs.zhaopin.com/CCL1387711920J40509923315.htm,100-299人,2025-11-18 00:09:42
结构设计（主机）,南京,南京磁谷科技股份有限公司,本科,3-5年,空压机设计,1.4-2.5万·14薪,一、主要职责1、执行产品开发的技术方案，组织完成规定主要部件的产品设计；2、参与空压机技术方案评审，提出相关问题，确认技术接口，完成新产品试制过程中的现场指导和服务工作，跟踪解决存在的问题并记录；3、同生产、工艺、品质部门，按照规定范围和要求完成试生产技术服务，处理解决试生产或者批量知道过程中的问题，及时完成相应更改；二、任职资格1、机械设计、机械工程、能源等相关专业；2、有一定相关专业设计类工作...,仪器仪表制造,http://jobs.zhaopin.com/CC233837210J40527436413.htm,300-499人,2025-11-17 10:23:54
机械方案工程师,南京,江苏智仁景行新材料研究院有限公司,本科,5-10年,"研发,设计,制图设计,非标设备,自动化设备,SolidWorks",1.5-2.5万,岗位职责：1.承担非标智能制造项目工艺分析、节拍分析、产线布局、设备结构等技术方案规划，识别项目执行风险、成本风险及货期风险；2.承担智能制造项目方案单元设计工作，对方案细节予以全方位掌控，确保优质可靠；3.承担与客户前期技术交流、现场调研、招投标事宜、技术答疑及方案标书制作与自审；4.承担技术协议的修改与反馈，提供现场协调与技术支持；5.编写技术方案文档，参与客户沟通及技术答疑，确保方案落地实施...,新材料,http://jobs.zhaopin.com/CCL1220149760J40804321205.htm,300-499人,2025-11-14 11:18:56
市政技术负责人,南京,南京弘楠建设工程有限公司,大专,5-10年,"一级建造师（市政工程）,高级市政工程师职称,技术负责人,总工程师",1.3-2.5万,岗位职责： 1、市政项目前期策划； 2、项目过程跟踪、技术管理； 3、配合项目经理进行项目工期管理。 任职要求： 1、6-8年市政施工经验； 2、有责任心； 3、工程相关专业大专学历； 4、能常驻项目部。5、一级建造师证书（市政、公路、水利水电、机电等专业） 职位福利：五险一金、绩效奖金、年终奖、项目部提供食宿,工程施工,http://jobs.zhaopin.com/CC389862710J40144282506.htm,100-299人,2025-11-11 15:14:56
硬件工程师,南京,东集技术股份有限公司,本科,3-5年,"嵌入式硬件开发,PCB设计,电路设计,单片机开发,手机,物联网产品,电机,C语言",1.8-2.5万·14薪,1、负责研发项目元器件选型，原理图设计，PCB板设计，BOM的生成及维护；参与投产试制2、负责PCB板调试过程中出现的问题的解决及整改方案；3、新功能组件/定制项目研发，组件/样机定型试产4、参与项目安全风险分析中跟硬件有关部分的分析及验证；5、产品EMC摸底测试及问题解决；6、完成研发项目经理下达的新产品硬件开发计划，根据总体技术方案，实施产品电路设计及样机试制，并满足相关标准要求；7、各项目E...,物联网,http://jobs.zhaopin.com/CC120918330J40437252706.htm,500-999人,2025-11-04 10:36:17
工艺设计工程师,南京,长江三星能源科技股份有限公司,本科,3-5年,设计院,1.5-2.5万,岗位职责1、负责工艺室的技术工作（工艺设计、设计咨询及设计审查、投标报价、方案编制等），包括：编写/审查物料平衡表、各类数据表、设计基础等说明性文件；工艺模拟并绘制PFD/PID；工艺设备，阀门，仪表等的选型计算，管径计算，保温计算等；对HAZOP/SIL/QRA有一定了解，能够参与相关分析工作；参与编写设计招投标文件；编写项目成果报告。2、海工、化工等项目施工图设计、采购，负责与相关专业、部门（...,石油/石化,http://jobs.zhaopin.com/CC428005680J40492494805.htm,100-299人,2025-10-31 00:04:22
硬件工程师（南京）,南京,北京鲲鹏凌昊智能技术有限公司,本科,3-5年,"原理图设计,硬件开发,硬件电路设计",1.5-2.5万·13薪,"岗位职责： 1、 产品的硬件设计，参与研发计划的制定，并按产品研发计划完成自己所担负的产品硬件研发任务； 2、紧密跟踪新的处理器与计算技术趋势，及时了解和学习最新的嵌入式产品和技术、扩展知识面； 3、承接硬件研发任务及研发验证等任务, 并及时归档以确保技术资料安全完整； 4、自己负责的项目，在技术层面起主导作用，积极配合保证项目顺利进行； 5、 协助部门主管，完善研发流程，在工作中严格遵循现有流程...",计算机硬件,http://jobs.zhaopin.com/CC526774020J40404660206.htm,100-299人,2025-10-28 00:14:03
硬件开发工程师,南京,南京萨特科技发展有限公司,本科,3-5年,,1.5-2.5万,岗位职责1. 负责嵌入式系统硬件架构设计与开发，主导ADC量测电路、MCU控制系统及周边接口的硬件方案设计；2. 参与新产品的系统架构评审，针对电源、信号完整性、EMC/EMI、散热等方面提出优化方案；3. 负责原理图与PCB设计审查，确保设计符合量产与可制造性（DFM）要求；4. 负责样品调试与验证，使用示波器、逻辑分析仪、功率分析仪等仪器完成ADC精度、噪声、时序等性能测试；5. 支援生产与试...,电子/半导体/集成电路,http://jobs.zhaopin.com/CC142528620J40768352116.htm,100-299人,2025-10-24 16:14:02
机械工程师（医疗行业）,南京,埃斯顿,本科,5-10年,"研发,设计,非标设备,自动化设备,装配工艺,注塑工艺",1.5-2.5万·13薪,职责描述：1.非标机械设计行业5年以上设计从业经验，医疗行业装配线设计经验优先，具有带领设计团队或者作为主要参与者完成较大项目设计工作的经验；具有良好的软件应用基础，英语交流流畅；2.根据机械设计部门发展计划、年度任务计划合理安排工程师相关设计任务安排，并依据项目订单要求完成机械工程师设计进度计划；3.依据部门管理流程，配合提供项目设计过程中的各项考核数据；4.协助完成机械设计部门人员培训、人才储...,仪器仪表制造,http://jobs.zhaopin.com/CC243960110J40890436708.htm,1000-9999人,2025-10-24 11:49:41
